time,seconds_elapsed,z,y,x
1733705217828050400,0.025050537109375,0.04627981287688017,-0.015088555799424648,-0.1964203977227211
1733705217838017500,0.035017578125,0.197063956323266,-0.02796118911504745,-0.2074783828318119
1733705217847983400,0.0449833984375,0.23228841443955897,-0.010791881518810987,-0.13412088567614555
1733705217857950500,0.054950439453125,0.3736974112972617,0.08934417083859443,-0.2815565954774618
1733705217867917600,0.06491748046875,0.15865151582062242,-0.04140913810059428,0.06032675066888332
1733705217877884400,0.074884521484375,-0.0904632379963994,-0.18267098157256842,0.1600695659250021
1733705217887851500,0.0848515625,-0.1499196355715394,-0.08266264724805951,0.1606231081545353
1733705217897817300,0.0948173828125,-0.09079816903918982,-0.02732245282009244,0.20550328336656093
1733705217907784400,0.104784423828125,-0.06205693546235561,0.0050208969019353384,0.2000222216069698
1733705217917751600,0.11475146484375,-0.023228023113310337,0.05769815573096275,0.08769055841267108
1733705217927718400,0.124718505859375,-0.05885609359443188,0.30106413676291705,-0.06547814208269119
1733705217937684500,0.1346845703125,0.01709434266388416,0.16433511441498994,-0.03612228373885155
1733705217947651300,0.1446513671875,0.1036842463582754,-0.20237433769106863,-0.003118424281477928
1733705217957618400,0.154618408203125,-0.018197919991612434,-0.07910437024459242,-0.06343056190311909
1733705217967585300,0.164585205078125,-0.03814852886945009,0.0027229952231049535,-0.0700917733579874
1733705217977551400,0.17455126953125,-0.027868250134587286,0.07530877735391259,-0.04921674311161041
1733705217987517700,0.184517578125,0.028427053061127663,0.09344137702435254,-0.044372225689887995
1733705217997484800,0.19448486328125,0.06480535738766192,0.05027706581950187,-0.041186581391096114
1733705218007451600,0.20445166015625,0.06725450410544873,-0.0007553484119474887,-0.02072247003316879
1733705218017417700,0.214417724609375,0.039733459973335265,-0.022745792554318904,-0.010381693282723425
1733705218027384800,0.224384765625,-0.004662438853085041,-0.039796442206948994,-0.0211012402176857
1733705218037351700,0.2343515625,-0.017931670270860196,-0.03322086320891976,-0.04709785126149654
1733705218047318800,0.24431884765625,-0.027470190727710724,-0.01771495878025889,-0.037757775986194606
1733705218057286000,0.254285888671875,-0.028474399334192275,0.010064736288040875,-0.015494506251811981
1733705218067251700,0.264251708984375,-0.007994505885243416,0.003310439722239971,0.034487960535287854
1733705218077218800,0.27421875,0.0030687399208545684,-0.02305705046057701,0.07027531323134899
1733705218087185700,0.284185546875,0.027820319339632988,-0.037365123406797644,0.06868366012573242
1733705218097152800,0.29415283203125,0.022240473380684852,-0.021940759781748056,0.05283084195554256
1733705218107118600,0.30411865234375,0.015937573844194412,-0.010135025045275688,0.024695465317368506
1733705218117085700,0.314085693359375,0.037944822990894314,-0.008279460306465626,-0.0066916065931320184
1733705218127052800,0.324052734375,0.03233984259068966,-0.006896919906884432,-0.02800795086622238
1733705218137019600,0.33401953125,0.018218378257751463,0.0021428572475910186,-0.04180325198471546
1733705218146985700,0.34398583984375,0.0065998366564512245,-0.007567804905772209,-0.04652501980960369
1733705218156952600,0.35395263671875,-0.005674246244132519,-0.005855740290880203,-0.03938742301464081
1733705218166919700,0.363919677734375,-0.019854455026984213,0.017090104880183934,-0.02058744547665119
1733705218176886800,0.37388671875,-0.0112476624622941,0.02392068155258894,0.010913023680448532
1733705218186853600,0.383853515625,-0.025758126112818715,0.04418210994526744,0.03643032677471637
1733705218196819700,0.39381982421875,-0.0089057755112648,0.04593772144094109,0.03572247076630592
1733705218206786600,0.40378662109375,0.02433189270198345,0.052026685965806244,0.019420155262947082
1733705218216753700,0.413753662109375,0.02293722347319126,0.030220512349158523,-0.009521861582994461
1733705218226720500,0.423720458984375,0.017282850973308086,0.0044859132423996926,-0.03623158933222294
1733705218236686600,0.4336865234375,0.02540887428373098,-0.027707506614923477,-0.050932314857840534
1733705218246653700,0.44365380859375,0.03598959726989269,-0.03053513125628233,-0.05516717594861984
1733705218256620500,0.45362060546875,0.03345160322487354,-0.028982056595385074,-0.03906710501909256
1733705218266587600,0.463587646484375,0.02854161935150623,-0.02991846066266298,0.0015256021320819854
1733705218276553700,0.4735537109375,0.009307634310424327,0.0009457564175128936,0.033924481433629985
1733705218286520800,0.483520751953125,-0.008424713996052742,0.049190585757046934,0.07063362514972686
1733705218296488000,0.493488037109375,0.0017085574835538863,0.051793607862293714,0.0794984841287136
1733705218306454800,0.503454833984375,-0.005467617756128311,0.012389672104269266,0.0569248332709074
1733705218316421600,0.513421630859375,-0.011175474008917809,0.0016964286543428896,0.006237433084845543
1733705218326387700,0.5233876953125,-0.003657353463768959,-0.004933803140372037,-0.056765843316912645
1733705218336354800,0.533354736328125,0.028390812703967094,-0.009650310268253087,-0.08303893321454525
1733705218346321700,0.54332177734375,0.03684884444773197,-0.027527327742427585,-0.052661915129423136
1733705218356288800,0.553288818359375,0.039244215151667594,-0.014818360555917023,-0.0279459915459156
1733705218366254800,0.5632548828125,0.04055938940346241,0.0028042437657713887,0.011706804406642913
1733705218376221700,0.5732216796875,0.04848433718383312,0.012245149067044258,0.024165303963422775
1733705218386188800,0.583188720703125,0.020616087049245835,-0.003394172482937574,0.018311901760101317
1733705218396155600,0.59315576171875,0.0032166239589452744,-0.011979191607236862,-0.0044148938328027725
1733705218406121700,0.603121826171875,-0.0074216744333505625,-0.003001958294957876,-0.04618775067925453
1733705218416088600,0.613088623046875,0.0011146832436323166,0.02543371646404266,-0.05902794302999973
1733705218426055700,0.6230556640625,0.02537234166562557,0.02569105222597718,-0.05631225433051586
1733705218436022800,0.633022705078125,0.03987257618308067,-0.011743337024748324,-0.04794540800154209
1733705218445988600,0.642988525390625,0.03184066089689731,-0.015044716657698154,-0.024842764833569526
1733705218455955700,0.652955810546875,0.027445348547399044,0.009210311415791511,0.00727320587337017
1733705218465922600,0.662922607421875,0.0050476387783885,-0.0030582185268402096,0.04044190050363541
1733705218475889700,0.6728896484375,-0.007484218275547027,-0.016517857950180768,0.05005845463275909
1733705218485856800,0.682856689453125,-0.02423778467774391,-0.004651479067653418,0.04745733222365379
1733705218495822600,0.692822509765625,-0.03269990807473659,0.005484130499511957,0.03326923239529132
1733705218505789700,0.702789794921875,-0.0156330379396677,0.016435001972317696,0.018690671944618223
1733705218515756500,0.712756591796875,-0.0035813656181097027,0.008720628202706575,0.00483282698392868
1733705218525723600,0.7227236328125,-0.0027829087167978283,-0.013967004423588513,0.012063947281241416
1733705218535689500,0.732689453125,0.009972527959942816,-0.005101268661767244,0.0015910685837268828
1733705218545656600,0.742656494140625,0.01768470977246761,-0.011438801120221614,-0.02182955449223518
1733705218555623700,0.752623779296875,0.008168693408370018,-0.0013050912491977215,-0.039782559812068935
1733705218565590500,0.762590576171875,0.010608487775921821,0.013598901763558387,-0.027229952231049535
1733705218575556900,0.772556884765625,0.027805121770501134,0.028574060316383838,-0.03598784370422363
1733705218585523700,0.782523681640625,0.0301987389087677,0.019851970808953047,-0.02449789691865444
1733705218595490800,0.79249072265625,0.01133095683157444,0.010745412028580903,-0.013656769430637358
1733705218605457700,0.802457763671875,0.012018939095735549,-0.008338789278268813,-0.001052139401435852
1733705218615424500,0.812424560546875,0.015131518158316612,-0.012900982627272605,0.025496260306239128
1733705218625390800,0.822390869140625,0.011643676042556762,-0.02324336681291461,0.019825228932499883
1733705218635357700,0.832357666015625,0.016666472640633583,-0.028926527015864848,0.004220832565426826
1733705218645324800,0.84232470703125,0.012689970225095748,-0.022315292182564735,0.006231587865948677
1733705218655292000,0.8522919921875,0.016289163760840893,-0.0034336277104914186,-0.012934884896874428
1733705218665257700,0.8622578125,0.029787820020318028,0.004804039280861616,-0.003936754927039147
1733705218675224800,0.872224853515625,0.019680267503857613,0.018277707229554654,-0.0017564882785081862
1733705218685191700,0.882191650390625,0.015247545753419398,0.03182750915437937,0.001284194591641426
1733705218695158800,0.89215869140625,0.021575287470221517,0.013960720813274383,0.01276478902697563
1733705218705124600,0.90212451171875,0.016380349175631997,0.02845452558994293,0.0026057985842227933
1733705218715091700,0.912091796875,0.003794423846900463,0.022794454001635312,-0.0194324302226305
1733705218725058800,0.922058837890625,0.012481295910477638,0.0021978023052215577,-0.0480494528979063
1733705218735025700,0.932025634765625,0.009508417579531669,-0.012181582311540842,-0.05195405912101268
1733705218744992800,0.94199267578125,0.03127425918579101,-0.01634396268799901,-0.04304536100029945
1733705218754958600,0.95195849609375,0.020381693771481513,-0.014770283630490303,-0.01984510267674923
1733705218764925700,0.96192578125,0.010904840373992919,-0.01764262419641018,-0.004029109385609626
1733705218774892800,0.971892822265625,0.021470365791022777,-0.015897680225223303,0.002190203520655632
1733705218784859600,0.981859619140625,0.013330021694302557,-0.012475596822053193,-0.011845336094498634
1733705218794825700,0.99182568359375,0.013480828341841698,0.0005824760630726814,-0.004936871880292892
1733705218804792600,1.00179248046875,-0.0008586626559495925,0.018849808029085396,-0.004523614904284477
1733705218814759700,1.011759765625,0.006707973206043243,0.026546646142005918,0.008704115459322929
1733705218824726500,1.0217265625,-0.009599602994322776,-0.006445230616629123,0.0056838908553123475
1733705218834692600,1.031692626953125,0.002472235332429409,-0.010476678089797496,0.006165536892414092
1733705218844659700,1.04165966796875,-0.0024555764585733413,-0.00022986323311924932,-0.006361936247348785
1733705218854626600,1.05162646484375,0.018979133497178554,0.027758067758381366,0.0019967267751693726
1733705218864593700,1.06159375,0.016480010157823563,0.003193681474775076,0.008742693904042243
1733705218874559700,1.071559814453125,0.009258242210745811,-0.01287292557656765,0.008941431346535682
1733705218884526800,1.08152685546875,0.008709960678219796,-0.017348463555425405,0.013392565536499023
1733705218894493700,1.09149365234375,0.0033627544313669204,0.0027834932386875152,0.008844985234737396
1733705218904460500,1.10146044921875,-0.016615911497175694,0.0034988019011914727,-0.006060322952270507
1733705218914427600,1.111427734375,0.006680500677227973,-0.02182940836176276,-0.0001654196947813034
1733705218924393700,1.121393798828125,0.010489245310425757,-0.01953545220568776,-0.012464929297566414
1733705218934360800,1.13136083984375,0.0022197218760848045,-0.010728168632835149,-0.015059621965885162
1733705218944327700,1.14132763671875,0.01180500408411026,0.036826486485451455,-0.01089607254564762
1733705218954294800,1.151294677734375,-0.0021913725644350053,0.04712839253023267,-0.004044891476631164
1733705218964260600,1.161260498046875,0.001980944684147835,0.030968992628902195,-0.006257306829094886
1733705218974227700,1.171227783203125,0.026451369073987006,0.02332680731266737,-0.019411387434601784
1733705218984195300,1.1811953125,0.021146248403191566,0.0031061493217945098,-0.041132805377244945
1733705218994162400,1.191162353515625,0.02231763027012348,-0.025308044257760048,-0.06583353139162063
1733705219004128300,1.201128173828125,0.030656419548392294,-0.036621173171699044,-0.07474749020934104
1733705219014095400,1.211095458984375,0.03893324950635433,-0.04598857484534383,-0.045181788507103915
1733705219024062500,1.2210625,0.06707943979948759,-0.03411050552502274,-0.02114391031563282
1733705219034029300,1.231029296875,0.05975771860927343,-0.010789835692197084,-0.013696516919136047
1733705219043996400,1.240996337890625,0.03137245886325836,-0.004102905274182558,-0.0020376433074474334
1733705219053962200,1.250962158203125,0.023018472015857695,-0.01130348430275917,-0.012159808871150016
1733705219063929300,1.260929443359375,0.01911474257558584,-0.0022150457009673117,-0.006281856748461723
1733705219073896400,1.270896484375,0.027292496073246,0.04071779483556747,-0.027990999731421468
1733705219083863300,1.28086328125,0.034256197606027126,0.04234641895070672,0.018455694144964216
1733705219093829400,1.290829345703125,0.040351591871678825,0.025851357354223725,0.020976737055182455
1733705219103796200,1.300796142578125,0.02765197703540325,-0.00030117490366101264,-0.005485153412818908
1733705219113763300,1.310763427734375,0.016992635855078698,-0.024263795901834962,-0.0264864403873682
1733705219123730400,1.32073046875,0.024019758012890816,-0.013909429017454384,-0.02876607575714588
1733705219133696300,1.3306962890625,0.013852584263682365,0.005102145444601774,-0.03856032454073429
1733705219143663400,1.340663330078125,0.031980069367587564,0.0028841771341860294,-0.02308101585805416
1733705219153630200,1.350630126953125,0.040356560307741166,0.000754033237695694,-0.0075075991511344906
1733705219163597300,1.360597412109375,0.027165947084128856,0.018707769209891558,0.017692308557033538
1733705219173563100,1.370563232421875,0.012590601503849028,0.02798500838205218,0.008923311167955398
1733705219183530200,1.3805302734375,-0.0036488778963685033,0.0041547815918922424,0.0005985504150390625
1733705219193497300,1.390497314453125,-0.006820785930752754,-0.0013968611858785152,-0.0019628245055675507
1733705219203464200,1.400464111328125,-0.020217443120479583,-0.007106909395754337,-0.04657528869211673
1733705219213431300,1.410431396484375,0.010665770921111106,0.0134686995126307,-0.031900866651535034
1733705219223397400,1.4203974609375,0.021831600318849086,0.024847002617269753,-0.009262918385863303
1733705219233364200,1.4303642578125,0.034493221232295035,0.0002519289344549179,0.025280571728944778
1733705219243331300,1.440331298828125,0.010143792873620987,-0.012914426630735396,0.04268354195058346
1733705219253298200,1.450298095703125,-0.00870060832798481,-0.016962532977759837,0.03082826898396015
1733705219263264500,1.460264404296875,-0.014514847564697266,-0.004287614191323518,0.02035305219888687
1733705219273231400,1.4702314453125,-0.009856792625784873,0.0007452654093503951,-0.0009451718956232071
1733705219283198500,1.480198486328125,0.007256839260458945,-0.007611790177971124,-0.022873510587215422
1733705219293165300,1.490165283203125,0.02278904717415571,-0.010276917733997106,-0.03466565518975258
1733705219303131400,1.50013134765625,0.01916004302203655,-0.008418868777155876,-0.03020341508388519
1733705219313098500,1.510098388671875,0.021928338691592216,0.0077747256547212595,-0.028116671937704084
1733705219323065300,1.5200654296875,0.0198550395488739,0.014556348618865012,-0.014375731354951857
1733705219333032400,1.530032470703125,0.016226327657699584,0.025637422342598436,-0.023711714977025983
1733705219342999300,1.539999267578125,0.0032873511075973507,0.02183554584160447,-0.003494856378436088
1733705219352965400,1.54996533203125,0.0012707505881786347,0.026232904017716645,0.0008452186524868011
1733705219362932200,1.55993212890625,-0.0096726682305336,0.027238866189867258,-0.022661329141259193
1733705219372899300,1.5698994140625,-0.0030129180803894996,0.009876666370034218,-0.05248655856251716
1733705219382866400,1.579866455078125,0.014712415963411331,0.0032965573273599147,-0.0750415047198534
1733705219392832300,1.589832275390625,0.022052841854095458,-0.008465922789275646,-0.08824000898897648
1733705219402799400,1.59979931640625,0.04673720125555992,-0.0013144435994327068,-0.08918050470948219
1733705219412766200,1.60976611328125,0.04358253661692142,-0.0018399287782609461,-0.09035773179531097
1733705219422733300,1.6197333984375,0.02264262444078922,-0.00023468553870916364,-0.05476444036662578
1733705219432699100,1.62969921875,0.0009784896433353424,0.017210077998042105,-0.004104512709379196
1733705219442666200,1.639666259765625,-0.013694763353466987,0.0072961483575403685,0.05981061784029006
1733705219452633300,1.64963330078125,0.003338204512000084,0.0018088029876351355,0.10293839642703533
1733705219462600200,1.65960009765625,0.00015139116942882537,0.007335457454621792,0.1130956333041191
1733705219472567300,1.6695673828125,0.013491349735856055,-0.019289953012019394,0.09611994858384132
1733705219482533000,1.679533203125,-0.0007563713252544403,-0.04129559472352266,0.05184592257142066
1733705219492500200,1.689500244140625,0.007665127800405025,-0.018340835593640803,0.0013408932149410247
1733705219502467300,1.69946728515625,0.012454407903552055,0.00882233501151204,-0.030430209577083586
1733705219512434200,1.70943408203125,0.04466653246134519,0.012109247727692127,-0.03621697628498077
1733705219522400300,1.719400146484375,0.03497428274750709,0.027897183968126772,-0.007650807014107704
1733705219532367000,1.7293671875,0.027093174108862875,0.024277532166242597,0.030459435671567916
1733705219542334200,1.739334228515625,0.021312837141752243,0.018883125776797533,0.037729134413599964
1733705219552301300,1.74930126953125,0.004160042288899422,-0.0084831661850214,0.020270634612441062
1733705219562267400,1.759267333984375,0.008658522751927375,-0.03422185694500804,-0.021866963893175124
1733705219572234500,1.769234375,0.02855506335496902,-0.0385718688480556,-0.06259060394763946
1733705219582201300,1.779201416015625,0.0341568288847804,-0.017432634707540272,-0.07105681899785996
1733705219592168400,1.78916845703125,0.04597936862558126,-0.0051554830670356745,-0.05921966620981693
1733705219602135300,1.79913525390625,0.06778174284994602,0.000957154594361782,-0.012536240968108176
1733705219612101400,1.809101318359375,0.06870411839187145,0.0018980887062847614,-0.007648468926548958
1733705219622068500,1.819068359375,0.029781390279531476,0.007705313680320978,0.008785364001989364
1733705219632035300,1.829035400390625,0.016498130336403845,0.002557283267378807,-0.00497661936879158
1733705219642002400,1.83900244140625,0.004399696263670921,0.006435586005449295,-0.0037111294776201245
1733705219651968300,1.84896826171875,0.00023439327776432036,0.007663374234735966,-0.025116905599832533
1733705219661935400,1.858935302734375,0.006714987468719482,-0.007914426386356354,-0.0048597149908542634
1733705219671902500,1.86890234375,-0.008159341058135032,0.005384615647792816,0.015052607703208922
1733705219681869300,1.878869384765625,0.003258709535002708,-0.0008351356498897076,0.03209317435324192
1733705219691835400,1.88883544921875,-0.019154782325029374,0.00037263270467519755,0.036057401809096334
1733705219701802200,1.89880224609375,-0.013348434133827686,0.00865881501287222,0.031142157238721845
1733705219711769300,1.908769287109375,-0.02775748323649168,0.002470189505815506,0.008819266271591186
1733705219721736400,1.918736328125,-0.021770225520431993,0.01511354411020875,-0.023106150299310683
1733705219731703300,1.928703369140625,-0.012324644044041632,0.02297989357113838,-0.050453591430187225
1733705219741669400,1.93866943359375,-0.004220248043537139,0.009052782766520976,-0.05391162292957306
1733705219751636200,1.94863623046875,0.02176174995303154,0.015539660567790268,-0.05980594166517257
1733705219761603300,1.958603271484375,0.04530220001637936,-0.0010977321088314056,-0.03621171558797359
1733705219771570200,1.968570068359375,0.04414513893574476,-0.006703589291870594,-0.01822071634531021
1733705219781536300,1.978536376953125,0.05299450808465481,-0.029092092841118574,-0.003623451194167137
1733705219791503400,1.98850341796875,0.040272096894681454,-0.020339462064951658,0.015130933636426924
1733705219801470200,1.99847021484375,0.032409108434617515,-0.011518880619108676,0.03290565977990627
1733705219811437300,2.008437255859375,-0.004725859478116035,0.0031024960599839685,0.02552314831316471
1733705219821403400,2.0184033203125,-0.021852935367822644,0.016004793861508368,0.02279693821966648
1733705219831370200,2.028370361328125,-0.026606559635698794,0.019216449384391307,0.03185235133469105
1733705219841337000,2.038337158203125,-0.017740823873877525,0.017230390133708716,0.017056348741054533
1733705219851304200,2.04830419921875,0.000908054755628109,0.029343437253683803,-0.006552490383386612
1733705219861271300,2.058271240234375,0.011565057848393916,0.017853490468114613,0.0019166472762823105
1733705219871237400,2.0682373046875,0.011831307569146155,0.020934213087707758,0.014448212069272994
1733705219881204500,2.07820458984375,0.02994680997431278,-0.005567717129737138,0.03730827865302563
1733705219891171300,2.08817138671875,0.020863924330472947,-0.01699278198555112,0.030263036316633223
1733705219901138400,2.098138427734375,0.0141734867811203,-0.02504004097133875,-0.009702478846907616
1733705219911104300,2.108104248046875,0.022500585621595383,-0.017456453974545,-0.04023614879846572
1733705219921071400,2.1180712890625,0.01811316431760788,-0.01474704888537526,-0.06800853734314441
1733705219931038500,2.12803857421875,0.02432487843930721,0.0023882103107869626,-0.050832946136593816
1733705219941005300,2.13800537109375,0.022917934250831603,0.004218786738812924,-0.017044658303260803
1733705219950971400,2.147971435546875,0.02047200240343809,-0.0007505261063575744,-0.001017068088054657
1733705219960938200,2.157938232421875,0.03248509628027677,-0.003108195148408413,0.016589315751194954
1733705219970905300,2.1679052734375,0.031763504007458684,-0.004459025235474109,-0.008465046006441115
1733705219980871700,2.17787158203125,0.022399755595624446,-0.021150486186891793,-0.052371407750248906
1733705219990838800,2.1878388671875,0.0332636794373393,0.0021313129402697087,-0.06494798072874546
1733705220000804600,2.1978046875,0.03837327753603458,0.020695289765298365,-0.051232174587249754
1733705220010771700,2.207771728515625,0.030019290688633918,0.04964695122241974,0.01712181519269943
1733705220020738800,2.21773876953125,0.02670300574749708,0.06888882730901241,0.04531505949795246
1733705220030705700,2.22770556640625,0.003707622346282005,0.04624474156349897,0.022670681491494177
1733705220040671700,2.237671630859375,-0.020986673927307128,0.0031144787587225435,0.032408231651782984
1733705220050638600,2.247638671875,0.02648994751870632,-0.025089579201489687,0.0019464578926563262
1733705220060605700,2.257605712890625,0.04965747261643409,-0.024268325946480034,-0.0653513008326292
1733705220070572500,2.267572509765625,0.048834465795755386,-0.08295651562809944,-0.08463350892961025
1733705220080538600,2.27753857421875,0.0107575408577919,-0.14615312264487146,-0.05701835677325725
1733705220090505700,2.287505615234375,-0.025450083076953886,-0.13825827774181962,-0.026369536009430882
1733705220100472600,2.29747265625,-0.04782499649226665,-0.03878960325196385,0.01914309188723564
1733705220110439700,2.307439697265625,-0.02564648243188858,0.07426233704090118,0.045347792723774906
1733705220120406500,2.317406494140625,0.004113280537724495,0.15792378606796265,0.06787234374284744
1733705220130372900,2.327372802734375,0.002482464465498924,0.20794190869033335,0.07026537635922432
1733705220140340000,2.337340087890625,0.005933481702208519,0.20136092286482452,0.031764673051238056
1733705220150306800,2.347306884765625,0.008775427129864692,0.19813406977280973,0.005319149196147919
1733705220160273700,2.357273681640625,-0.0308522343814373,0.16353329651281237,0.05005962367653846
1733705220170239700,2.36723974609375,-0.05518237351775169,0.14969444851353764,0.1315653559744358
1733705220180206800,2.377206787109375,-0.09313011911809443,0.1342751994550228,0.21808979321718214
1733705220190173700,2.387173583984375,-0.1582651468515396,0.12201952899396419,0.2902536966741085
1733705220200140800,2.397140869140625,-0.17648527867496014,0.13293605980575085,0.33023557845056056
1733705220210107000,2.40710693359375,-0.22171499797701835,0.14712313672080635,0.39274201124608515
1733705220220073700,2.41707373046875,-0.21548808628618715,0.16113529546037314,0.4289642482280731
1733705220230040800,2.427040771484375,-0.20407412734627722,0.15221607594564557,0.399008670425415
1733705220240007700,2.437007568359375,-0.1939104607284069,0.13507467926964162,0.35892040566504
1733705220249974800,2.446974853515625,-0.1259668053150177,0.12025778001844882,0.3175935390204191
1733705220259940600,2.456940673828125,-0.03802022631466388,0.12659545860737562,0.21934709980189798
1733705220269907700,2.46690771484375,0.048417409427464,0.12310104062035679,0.10943243462145327
1733705220279874800,2.476874755859375,0.0903998173713684,0.11961641337499022,-0.03841653215587139
1733705220289841700,2.486841552734375,0.08163432711362838,0.026681378437578677,-0.2167535761773586
1733705220299807700,2.496807861328125,0.03680120591372251,-0.0876231922648847,-0.47077685256302354
1733705220309774600,2.506774658203125,-0.019368132814764974,-0.24980741225630043,-0.7272779172390699
1733705220319741700,2.51674169921875,-0.0213517078474164,-0.4298439536720514,-0.8823200103908777
1733705220329708800,2.526708740234375,0.042401217877864834,-0.5621994371108711,-0.8980448182672262
1733705220339674600,2.536674560546875,0.024663316613435744,-0.5844339191421866,-0.741181354907155
1733705220349641700,2.546641845703125,-0.03575315816551447,-0.5426452802047134,-0.5017494984537363
1733705220359608600,2.556608642578125,-0.04897416652739048,-0.4407905873611569,-0.26678689636886116
1733705220369575700,2.56657568359375,-0.026305238601565358,-0.30679332806468007,-0.060171267846226686
1733705220379542800,2.576542724609375,-0.07185059972405433,-0.1928688427209854,0.06512216825187206
1733705220389508600,2.586508544921875,-0.1807435206413269,-0.050705374234169716,0.22254326549470424
1733705220399475700,2.596475830078125,-0.19790625236630438,0.11289090451225638,0.4299573509186506
1733705220409442600,2.606442626953125,-0.21259587197601795,0.16288959178179502,0.46373453283607957
1733705220419409700,2.61640966796875,-0.17352876695692537,0.08229454458802939,0.33288638522028924
1733705220429375700,2.626375732421875,-0.09909662630707025,-0.22805632982775567,0.10831249068081378
1733705220439342800,2.6363427734375,-0.10110416673719883,-0.566791148815304,-0.17312486233115196
1733705220449310000,2.64631005859375,-0.14508710084855556,-0.6870169262602925,-0.3905623291194439
1733705220459276800,2.65627685546875,-0.08439093234539032,-0.540955281291157,-0.5303016391992569
1733705220469243000,2.666242919921875,0.04560381331145763,-0.25649156619533897,-0.5932102230548858
1733705220479209700,2.676209716796875,0.27798165960013865,-0.07190656769499182,-0.6769885764598846
1733705220489176800,2.6861767578125,0.6032762745171785,0.052903322669863695,-0.7791641718208789
1733705220499144000,2.69614404296875,0.9713894559413194,0.14853782582432032,-0.8005833919465541
1733705220509109800,2.70610986328125,1.2435054383784532,0.24470249033272265,-0.8010597772866487
1733705220519076900,2.716076904296875,1.3385256090268491,0.3822263163201511,-0.6154284846037625
1733705220529043700,2.726043701171875,1.1925655247360467,0.47512511090040205,-0.3705418698757887
1733705220539010800,2.7360107421875,0.9496922956570982,0.4764985912106931,-0.25117256312966346
1733705220548977700,2.745977783203125,0.8119599414855241,0.49841158620268106,-0.20234920324981212
1733705220558943700,2.75594384765625,0.7816691403791308,0.59343555624336,-0.13717559707164764
1733705220568910800,2.765910888671875,0.7100009114846587,0.6598825433582067,-0.06934884603619575
1733705220578877700,2.775877685546875,0.5317793105363845,0.511270044862479,-0.03845277251303196
1733705220588844800,2.7858447265625,0.2819698524534702,0.26532646842747926,-0.02101531549990177
1733705220598810600,2.795810546875,0.09470832822024822,0.07246449383869767,-0.01107084459066391
1733705220608777700,2.80577783203125,-0.11736936510056256,-0.07233969841524958,-0.1463350550830364
1733705220618744800,2.815744873046875,-0.27103929311633107,-0.15850392404347657,-0.2776964129179716
1733705220628711700,2.825711669921875,-0.25532968280911444,-0.17713775123432277,-0.3085539079964161
1733705220638678800,2.8356787109375,-0.10438362679928541,-0.12339841613173484,-0.1416904441475868
1733705220648644600,2.84564453125,-0.0018514730855822563,-0.08611088800579308,0.1874041475743055
1733705220658611700,2.85561181640625,-0.06015197862386703,-0.12012304772287606,0.5463970339536667
1733705220668578600,2.86557861328125,-0.248523217664659,-0.16668328497633336,0.7889671884328127
1733705220678545700,2.875545654296875,-0.44266193419098854,-0.21456498009189962,0.9416390453219413
1733705220688511700,2.88551171875,-0.5759364321708679,-0.2704609087064862,0.9727449622035026
1733705220698478600,2.895478515625,-0.6513152060210704,-0.3284545402526855,0.940904885828495
1733705220708445700,2.90544580078125,-0.5972855096697807,-0.30094518655836583,1.0905600252449512
1733705220718412500,2.91541259765625,-0.5333984361708164,-0.27377821656093,1.3816910892754792
1733705220728379000,2.92537890625,-0.5289908488616347,-0.2162384662620723,1.743539949607849
1733705220738345700,2.935345703125,-0.603267798949778,-0.22516893782317637,1.94792387355566
1733705220748312800,2.945312744140625,-0.8466428400710224,-0.3055241849116981,1.9840069943279026
1733705220758279700,2.95527978515625,-1.0989321322709322,-0.32339316520988937,1.8357915323257445
1733705220768246500,2.96524658203125,-1.2227715701684354,-0.24456074377447365,1.4068757994145153
1733705220778212900,2.975212890625,-1.164291616410017,-0.07841127341389656,0.914462869104743
1733705220788179700,2.9851796875,-0.9344497183397412,0.1497987856708467,0.4767173485279083
1733705220798146800,2.995146728515625,-0.5987991291031242,0.3265668268099427,0.14953414338529109
1733705220808114000,3.005114013671875,-0.3053343614280224,0.40704730771332975,-0.06750467947423458
1733705220818079700,3.015079833984375,-0.11129968979805707,0.3840452023103833,-0.23791794475913047
1733705220828046800,3.025046875,0.039647242994606494,0.3153757168404758,-0.4133528375983238
1733705220838013700,3.035013671875,0.13289368196874857,0.20328940670937298,-0.6008756431162356
1733705220847980800,3.044980712890625,0.1660752360805869,0.1778454611122608,-0.7357283501982689
1733705220857946600,3.054946533203125,0.19293401691168546,0.22762758302167058,-0.7432499778747558
1733705220867913700,3.064913818359375,0.23658728067725895,0.312094795473665,-0.6684972269684076
1733705220877880800,3.074880859375,0.24228520005792378,0.38650852368399496,-0.5910971764236689
1733705220887847700,3.08484765625,0.23407617463916539,0.39009500386863943,-0.5268541290938854
1733705220897814800,3.094814697265625,0.22283348061293362,0.31076120878234503,-0.477667196598649
1733705220907780600,3.104780517578125,0.2879296376407146,0.17145605233609676,-0.40398353622853755
1733705220917747700,3.114747802734375,0.3146569010466337,0.032337796764075756,-0.3078945673048496
1733705220927714800,3.12471484375,0.4093395103037357,-0.041921033145487306,-0.23165654627680776
1733705220937681700,3.134681640625,0.5375549713283777,-0.08688537950962781,-0.23031156140863895
1733705220947647700,3.144647705078125,0.6674263828665018,-0.1156251517817378,-0.3069114014863968
1733705220957614600,3.154614501953125,0.7006213809818029,-0.1059362630687654,-0.32190964865386484
1733705220967581700,3.164581787109375,0.7320137135893106,-0.058823214238137,-0.3202344089180231
1733705220977548800,3.174548828125,0.7142328499659896,-0.06554404692575336,-0.32452012341320513
1733705220987515000,3.184514892578125,0.6002580957397818,-0.13049100474119185,-0.3474082470476627
1733705220997481700,3.194481689453125,0.4616898752659559,-0.24295287018641828,-0.40456221289932726
1733705221007448800,3.20444873046875,0.37182840255498883,-0.3425939786337316,-0.4857850366026163
1733705221017416000,3.214416015625,0.30428163750469683,-0.38265696282237766,-0.5944049857974052
1733705221027382000,3.224382080078125,0.2846843721091747,-0.3273660143636167,-0.6594225246310234
1733705221037348900,3.234348876953125,0.3140715023741126,-0.197202926402539,-0.70014207303226
1733705221047315700,3.244315673828125,0.35469957309961314,-0.0949795463770628,-0.6758674634754658
1733705221057282800,3.25428271484375,0.3985325773462653,-0.06884513429775833,-0.5852987192779779
1733705221067250000,3.26425,0.45907647789716716,-0.041877340134233235,-0.4293248982340097
1733705221077216000,3.274216064453125,0.5182368151351809,-0.03779606216996908,-0.3483826450377703
1733705221087183000,3.28418310546875,0.5935752569749951,-0.008297580485045909,-0.29515374367535113
1733705221097150000,3.29414990234375,0.5375178541883826,0.04921148241460323,-0.24018939682245252
1733705221107117000,3.304116943359375,0.4181555617049336,0.08633695184662937,-0.20021394478678703
1733705221117083000,3.314082763671875,0.3414905474364757,0.0753803812853992,-0.20176000518500803
1733705221127050000,3.324050048828125,0.2684866860240698,0.05382175268903374,-0.20186054295003414
1733705221137017000,3.33401708984375,0.13616875811666249,0.038972120212018485,-0.15721885266900062
1733705221146984000,3.34398388671875,0.029027649302780626,0.0376645447447896,-0.07705985880494118
1733705221156950000,3.353949951171875,-0.05736877764612436,0.053694765308499336,0.02485387074947357
1733705221166916900,3.363916748046875,-0.10869915191084145,0.07493409882262349,0.1625695660471916
1733705221176884000,3.373884033203125,-0.15156184982061385,0.08645268718078732,0.27308862686157226
1733705221186851000,3.38385107421875,-0.18687077134996652,0.11693988764211535,0.4037397906005382
1733705221196818000,3.39381787109375,-0.21153379570245742,0.11083426424339413,0.4890870007574558
1733705221206784000,3.403783935546875,-0.2415507483035326,0.10949570911601185,0.5301303742855787
1733705221216750800,3.413750732421875,-0.29214082559496163,0.15521189676076172,0.5446709408134222
1733705221226718000,3.423718017578125,-0.3599488719299435,0.1459333424143493,0.5202706590503454
1733705221236685000,3.43368505859375,-0.3591629822492599,0.09352861691638827,0.4661906938165426
1733705221246651000,3.44365087890625,-0.38518998843133445,0.06796367528811097,0.4438911837249994
1733705221256618000,3.453617919921875,-0.3985764164879918,0.014902239447087049,0.3988555256903171
1733705221266584800,3.463584716796875,-0.35268092675358054,-0.03460851817503571,0.34009237107634543
1733705221276552000,3.473552001953125,-0.27728520176857707,-0.024499358223378658,0.2996516396164894
1733705221286517800,3.483517822265625,-0.23919191021770236,0.018228461260348557,0.26844284688234327
1733705221296484900,3.49348486328125,-0.22614684294462203,0.061905690423399204,0.2605336811929941
1733705221306452000,3.503451904296875,-0.2024699070200324,0.09208426332697271,0.24916473043859003
1733705221316418800,3.513418701171875,-0.20605770237892865,0.06710106710940598,0.22467443230450151
1733705221326386000,3.523385986328125,-0.2147045346930623,0.05937865616381168,0.21400223164260387
1733705221336351700,3.533351806640625,-0.2541337510228157,0.10031783866509794,0.1759679768025875
1733705221346318800,3.54331884765625,-0.2503554015278816,0.09107143302261829,0.1238707098186016
1733705221356286000,3.553285888671875,-0.22299860804677007,0.07398059749007224,0.07708616228997707
1733705221366252800,3.563252685546875,-0.23774346497505902,0.05836757942512631,0.09650164137780666
1733705221376219100,3.57321923828125,-0.2292784189686179,0.07380918644592166,0.13818681994080542
1733705221386186000,3.58318603515625,-0.2048468652844429,0.06916530616283416,0.20345511866509913
1733705221396153000,3.593153076171875,-0.16647972522825003,0.07192877952679991,0.27535423370599743
1733705221406120000,3.603119873046875,-0.10448358004242181,0.05902209781110286,0.29320144056379793
1733705221416086000,3.6130859375,-0.05276596002578735,0.02839402757436037,0.23180092318356035
1733705221426053000,3.62305322265625,-0.02639204010218382,0.031245033091306683,0.16616846732199192
1733705221436020000,3.63302001953125,0.008407762861251831,0.04899857031628489,0.09775076465606689
1733705221445987000,3.642987060546875,0.0688213150307536,0.050592123118042946,0.021392332118749618
1733705221455953000,3.652952880859375,0.12112491824179887,0.042744478357583285,-0.0983691888153553
1733705221465920000,3.662919921875,0.1370490480825305,0.0020065175168216226,-0.21649580202400684
1733705221475886800,3.672886962890625,0.16265344493836165,-0.052626113163679836,-0.29794191308915613
1733705221485854000,3.68285400390625,0.19872692109942436,-0.08644976457133889,-0.3639613224416971
1733705221495821000,3.692821044921875,0.28005583552569147,-0.11825506189391016,-0.4007254112154245
1733705221505787000,3.702786865234375,0.30882044997811314,-0.08498480658531188,-0.38993630617558955
1733705221515754000,3.71275390625,0.33200697203725577,-0.06846402602568269,-0.3756833244174719
1733705221525720800,3.722720947265625,0.349787543399632,-0.06241933903396129,-0.3549672841250896
1733705221535688000,3.73268798828125,0.37098669103384013,-0.08475640465691685,-0.3540244503170252
1733705221545654000,3.742654052734375,0.36510201690942046,-0.10128040008693932,-0.3574146772772073
1733705221555620900,3.752620849609375,0.3304047975376248,-0.12224135505110025,-0.3582628185391426
1733705221565588000,3.762587890625,0.2701820917651057,-0.11552212979868054,-0.30990999878048897
1733705221575554800,3.772554931640625,0.26631752529144287,-0.07744666616544127,-0.26814298715293405
1733705221585521000,3.78252099609375,0.20356442425847052,-0.046258477827906604,-0.21551029811799524
1733705221595487700,3.79248779296875,0.16589432655572892,-0.020056261209398508,-0.16079963376522063
1733705221605454800,3.802454833984375,0.15563216799944637,0.015601619888097046,-0.07761457007825374
1733705221615422000,3.812421875,0.12519611320346594,0.043271863232553005,-0.017720365607738493
1733705221625388800,3.822388916015625,0.10533522843569516,0.025961393599957226,0.02832125459909439
1733705221635355000,3.83235498046875,0.06693389384895562,0.0034926644213497636,0.04642915821969509
1733705221645321700,3.84232177734375,0.052065995062887664,-0.007557429642230272,0.08031038503348827
1733705221655288800,3.852288818359375,0.042027416129410265,0.0073890873380005355,0.08694237039387226
1733705221665256000,3.862255859375,0.051939738334715366,0.030022505559027194,0.06908464214205741
1733705221675222000,3.872221923828125,0.015464987896382808,0.02237067563161254,0.05121873058378696
1733705221685189000,3.882189208984375,-0.05095072729736566,0.03268076498284936,0.04598492158353328
1733705221695156000,3.892156005859375,-0.07631400887370109,0.05522270552814006,0.09184124835133552
1733705221705123000,3.902123046875,-0.08051438317298888,0.03982873704135418,0.1260153206318617
1733705221715089000,3.9120888671875,-0.11088351021260022,0.035604689605534076,0.15633096391856668
1733705221725056000,3.922055908203125,-0.12396511010378598,0.05314283051416278,0.15289689781665802
1733705221735023000,3.932023193359375,-0.13028028459995986,0.07107040913179516,0.12807283768355845
1733705221744990000,3.941989990234375,-0.11413286739736794,0.07045534597337245,0.1135012914955616
1733705221754956000,3.9519560546875,-0.10014905796945095,0.04881488431245088,0.09845978970825671
1733705221764923000,3.9619228515625,-0.10239332976490259,0.06028334991857409,0.0987567268282175
1733705221774890000,3.971889892578125,-0.13547113124132157,0.06508548950329422,0.09209609989523887
1733705221784857000,3.981857177734375,-0.1442024269685149,0.040123189943283795,0.10122399372458457
1733705221794824000,3.991823974609375,-0.14929916558563708,0.028345073866099118,0.11453589524030684
1733705221804790000,4.0017900390625,-0.1563201502636075,0.037630350214242936,0.140972066745162
1733705221814756900,4.0117568359375,-0.09015548722147941,0.04361775406077504,0.13263795364201067
1733705221824724000,4.021723876953125,-0.039569501583278176,0.0580880318313837,0.1226373686313629
1733705221834691000,4.031691162109375,-0.022768588908016682,0.05198869204297661,0.13085808448791503
1733705221844657000,4.041656982421875,0.002632394330203533,0.02084375832527876,0.13324351831972597
1733705221854624000,4.0516240234375,0.007299509358406066,0.009317132791131734,0.10306056150197983
1733705221864590800,4.0615908203125,0.012571020020544528,-0.006952157225459814,0.07151157702803611
1733705221874558000,4.071557861328125,-0.019853578244149683,-0.004009381771832704,0.007847206369042396
1733705221884523800,4.081523681640625,-0.023488719876110554,-0.02108881912752986,-0.06056055942475795
1733705221894491000,4.091490966796875,0.005050561387836933,-0.024630875648558138,-0.05941080486774444
1733705221904458000,4.1014580078125,0.06238017606735229,-0.0033332360759377477,-0.04860591773688793
1733705221914424800,4.1114248046875,0.13989216255396603,0.015223288094997406,-0.04271101447939873
1733705221924391000,4.121390869140625,0.15670739601552486,0.031329496504366394,-0.08528232822716236
1733705221934357800,4.131357666015625,0.1342144091784954,0.0068508888080716125,-0.12297931393682957
1733705221944324900,4.141324951171875,0.10918868899345398,0.004684504554420709,-0.16809622051417827
1733705221954292000,4.1512919921875,0.10582973395437001,-0.013032353921979664,-0.1921504653185606
1733705221964258800,4.1612587890625,0.13801818537563085,-0.01954889620915055,-0.21817571793496607
1733705221974225200,4.17122509765625,0.1383086927548051,-0.02443316111937165,-0.18383856404721735
1733705221984191700,4.181191650390625,0.13940408677607774,-0.05652896582111716,-0.12775602681934833
1733705221994158800,4.191158935546875,0.12825111685991286,-0.07698927778676151,-0.06287526610791683
1733705222004126000,4.2011259765625,0.10989274560958147,-0.07494885800033807,-0.04198620733618736
1733705222014091800,4.211091796875,0.09384586617201567,-0.0453612367272377,-0.05627309136390686
1733705222024059000,4.221058837890625,0.08477876261919737,0.009235591987520456,-0.024567455023527144
1733705222034025700,4.231025634765625,0.08703443259149789,0.0562220918290317,0.010657587614655495
1733705222043992800,4.240992919921875,0.07955372144728899,0.08350771977007389,0.03019698534309864
1733705222053958700,4.250958740234375,0.08876374060213565,0.051024815446883434,0.06165829153358936
1733705222063925800,4.26092578125,0.03610153321176767,0.031043957561254498,0.08571662799119949
1733705222073892900,4.270892822265625,-0.01858545800447464,0.014483429513126611,0.08127367710769176
1733705222083859700,4.280859619140625,-0.024461072039604185,-0.019931027394533157,0.04535071533322334
1733705222093826800,4.290826904296875,-0.04803834698200225,-0.02347410682886839,0.011208791756629944
1733705222103792600,4.300792724609375,-0.038697687184810634,-0.00852934341430664,0.0037672435790300366
1733705222113759700,4.310759765625,0.0095288758456707,0.013445026376098394,0.0009942717343568801
1733705222123726800,4.320726806640625,0.025687983486056325,0.035198154631257056,0.019324293673038482
1733705222133693700,4.330693603515625,0.0572232316955924,0.04987403797656297,0.0247305366307497
1733705222143659800,4.34065966796875,0.06329203021526336,0.05778320366591215,-0.005102876096963882
1733705222153626600,4.350626708984375,0.003613514322042465,0.043827597419172526,0.0021510405540466305
1733705222163593700,4.36059375,-0.0060769818261265755,0.004161211332678795,-0.018813421541452408
1733705222173560600,4.370560546875,-0.003971533979475498,-0.005251636917889118,-0.030479893937706944
1733705222183526700,4.380526611328125,0.020648528014123438,0.00955634837448597,-0.03736439275443554
1733705222193493800,4.39049365234375,0.0163715813472867,0.014640958162397145,-0.0025426702201366423
1733705222203460600,4.400460693359375,0.0036810266003012653,0.011677724442631005,0.02719020474255085
1733705222213427700,4.410427734375,-0.023409809421002865,0.020499767193198203,0.08149579542577266
1733705222223393800,4.420393798828125,-0.03720043436437845,0.019445874226093292,0.0786444976478815
1733705222233360600,4.430360595703125,-0.05702741686254739,-0.017925386660546064,0.06371230145394802
1733705222243327700,4.44032763671875,-0.06223346107304096,-0.058469724625349044,0.03049450698494911
1733705222253294600,4.450294677734375,-0.022956220434606073,-0.04644420965835452,-0.03257014421522617
1733705222263261000,4.460260986328125,0.017567220872640607,-0.030576632310450075,-0.027292496073246
1733705222273227800,4.470227783203125,0.06733195325583219,0.0006913432650268078,-0.001412204885482788
1733705222283195000,4.48019482421875,0.06071779581308365,0.025956132902950048,-0.019693711507320404
1733705222293161700,4.49016162109375,0.03150806794166565,0.012700053227692841,-0.02967325372993946
1733705222303128800,4.50012890625,0.003658814768493175,0.0014218494966626166,-0.03932020299732685
1733705222313094700,4.5100947265625,0.013604162460565566,-0.010377017107605933,-0.06212240191400051
1733705222323061800,4.520061767578125,0.03346154009699821,0.00600377045944333,-0.0465723660826683
1733705222333028900,4.53002880859375,0.04384527920633554,0.013747808714956044,-0.00407645565867424
1733705222342995700,4.53999560546875,0.07778495820909738,0.02150368353873491,0.040351299610733984
1733705222352961800,4.5499619140625,0.07568652462512254,-0.008166939842700957,0.06898702698647975
1733705222362928600,4.5599287109375,0.048049160636961456,-0.024313772523403165,0.07925824563205242
1733705222372895700,4.569895751953125,0.0055772156104445456,-0.029441052409261464,0.03869301100969314
1733705222382862800,4.57986279296875,0.017164777551591397,-0.030732991915941237,0.0021972177833318707
1733705222392828700,4.58982861328125,0.027561668403446673,-0.00226195358261466,-0.02097439896762371
1733705222402795800,4.599795654296875,0.015388415528833865,0.015298691418766974,-0.06522212149500846
1733705222412762600,4.6097626953125,0.020847849978506566,0.0006371288597583771,-0.06837561708986759
1733705222422729700,4.619729736328125,-0.0038312487259507177,-0.00573649782538414,-0.03501695284545421
1733705222432695600,4.629695556640625,-0.023789164127409456,0.010558949545770883,-0.006772855135798454
1733705222442662700,4.63966259765625,-0.04698708436340093,0.006618249095976352,0.021923662516474724
1733705222452629800,4.649629638671875,-0.05384206482470035,0.010524462754279375,0.0270049113035202
1733705222462596600,4.6595966796875,-0.09174392545670271,0.0031526188120245932,0.07235621115863322
1733705222472563700,4.669563720703125,-0.061414545905590055,-0.00001052139401435852,0.0883650966733694
1733705222482529500,4.679529541015625,-0.03927957872599363,0.02438523032441735,0.09667056820392608
1733705222492496600,4.68949658203125,0.004524491687119007,0.04724047460258007,0.10649755021333694
1733705222502463700,4.699463623046875,0.042669221164286134,0.08911343082264066,0.12833528801202773
1733705222512430600,4.7094306640625,0.027784955765306946,0.08779679526612162,0.11076982070505619
1733705222522397000,4.71939697265625,-0.007711305029690265,0.06217515501454472,0.09024608811438083
1733705222532363800,4.72936376953125,-0.03863981951773166,0.05099792743995785,0.055521980735659594
1733705222542330600,4.73933056640625,-0.06563859334141016,0.0312998320184648,0.015787936240434647
1733705222552297700,4.749297607421875,-0.04330605776309967,0.018151596631854772,-0.039297991165518756
1733705222562263800,4.759263916015625,0.012753098589181899,0.014583967278152704,-0.04696984096765518
1733705222572231000,4.76923095703125,0.04763356557339429,0.06529577125310898,-0.03991524628102779
1733705222582197800,4.77919775390625,0.08811755165308713,0.05902618946433067,-0.008620528829097748
1733705222592164900,4.789164794921875,0.08639905729740857,0.021390578553080557,0.03409223921597004
1733705222602130700,4.799130615234375,0.10756459492295979,0.025342531049251556,0.04444295283854007
1733705222612097800,4.809097900390625,0.1194596153780818,-0.002152209597826004,0.006374211207032203
1733705222622065000,4.81906494140625,0.11152648429125547,0.005730798736959695,-0.0603887099891901
1733705222632031700,4.82903173828125,0.11133709919899701,-0.018669483026117085,-0.12312427536547184
1733705222641998800,4.838998779296875,0.08367313946485519,-0.04040726758167147,-0.17386837417483328
1733705222651964700,4.848964599609375,0.0940033948212862,-0.1034196040727198,-0.23447394178509712
1733705222661931800,4.858931884765625,0.13065583991408347,-0.12852554988712073,-0.23262451452612876
1733705222671899000,4.86889892578125,0.1392187933370471,-0.08885273405984044,-0.16489070247113705
1733705222681865700,4.87886572265625,0.12866963453292846,-0.024711685799807308,-0.0839209767460823
1733705222691831800,4.888831787109375,0.1626288950189948,0.008757160820811986,-0.04759761747717857
1733705222701798700,4.898798583984375,0.15528028582185505,0.013292758423835038,-0.017745500048995017
1733705222711765800,4.908765869140625,0.08433452598303556,-0.002086889276653528,0.00949789618551731
1733705222721732600,4.918732666015625,0.010644143611192702,-0.024398235936462877,0.013147650864720344
1733705222731698700,4.92869873046875,0.006324526846408844,-0.02959711975380778,0.0025368250012397764
1733705222741665800,4.938665771484375,-0.0018660861328244208,-0.0134349433735013,-0.004595511096715927
1733705222751632600,4.948632568359375,-0.0773699476674199,-0.030542730040848252,-0.013158172258734703
1733705222761599700,4.958599853515625,-0.09731441906541585,-0.04037658018246293,0.008636895442008971
1733705222771565600,4.968565673828125,-0.09573737900704145,-0.03073942165672779,0.04922317285239696
1733705222781532700,4.97853271484375,-0.10179945552498101,0.0007810673750936985,0.09987900885641575
1733705222791499500,4.98849951171875,-0.08041063053756951,0.04425356774628162,0.18750293177366256
1733705222801466600,4.998466552734375,-0.08983429244309664,0.07884542704746127,0.22709026127457618
1733705222811433700,5.008433837890625,-0.11938655014187097,0.1255868660867214,0.21947569461762903
1733705222821399800,5.01839990234375,-0.08609218330532312,0.15159356013312936,0.15774901402294636
1733705222831366700,5.02836669921875,-0.010972352652251719,0.1587220968388021,0.05750818611681461
1733705222841333500,5.03833349609375,0.005652034412324428,0.13932839119136334,-0.01902034229040146
1733705222851300600,5.048300537109375,0.0067936056628823275,0.11319295619875192,-0.053016719916462896
1733705222861266700,5.0582666015625,-0.0008279752567410468,0.03429740639925003,-0.02246200717687607
1733705222871233800,5.06823388671875,-0.026296763034164904,-0.02281374322399497,0.005212181690335273
1733705222881201000,5.078200927734375,-0.014201543831825255,-0.03245806214287877,0.011368950754404068
1733705222891167700,5.088167724609375,0.0140972066745162,-0.019102467615902424,0.008764905735850334
1733705222901133800,5.0981337890625,0.0664712447732687,0.01577230027988553,0.0011544307321310042
1733705222911100700,5.1081005859375,0.12552724485397337,0.028178923518955706,-0.010347206491231917
1733705222921067800,5.11806787109375,0.14078881913274527,-0.014064473448693752,-0.012999182304739952
1733705222931035000,5.128034912109375,0.11965426116734743,-0.026713234880566594,-0.0072153382062911985
1733705222941000700,5.138000732421875,0.09267039265185593,-0.07230740358084439,-0.05569967539012432
1733705222950967800,5.1479677734375,0.07922083623111248,-0.09409355732277035,-0.12551555441617965
1733705222960934700,5.1579345703125,0.08017039204090833,-0.0773841223232448,-0.16176467940509318
1733705222970901800,5.16790185546875,0.07990735719054937,-0.04819251463040709,-0.15650865857303142
1733705222980867600,5.17786767578125,0.07019201886206865,-0.016624094803631306,-0.15292904652059078
1733705222990835000,5.1878349609375,0.08302432016730309,0.0018799685277044772,-0.10085516041219234
1733705223000802000,5.197802001953125,0.053795887595415114,-0.006019406419992447,-0.049015083059668535
1733705223010769200,5.20776904296875,0.03315554288774729,-0.011669687266647815,-0.02358078207373619
1733705223020735000,5.21773486328125,0.017580080354213712,-0.001656681165844202,0.016730770048499106
1733705223030702000,5.2277021484375,0.025576339805126188,0.017265169186145065,0.013749708411097525
1733705223040669000,5.2376689453125,0.03236380798816681,0.030678485249727962,0.033173955327272416
1733705223050636000,5.247635986328125,0.01572714596390724,0.049978813525289295,0.05204992071092129
1733705223060603100,5.25760302734375,0.04973930568099021,0.05339037553444505,0.05388590396642685
1733705223070569000,5.26756884765625,0.045992228107154365,0.025869185271859167,0.029696634605526923
1733705223080536000,5.2775361328125,0.016705635607242583,0.041767742279916996,0.019150106149911878
1733705223090503000,5.2875029296875,0.038003567440807816,0.020418080259114502,-0.0018733926564455032
1733705223100470000,5.297469970703125,0.04498509689122438,0.026303923427313566,-0.008639818051457405
1733705223110435800,5.307435791015625,0.04802870237082243,0.025626754818111656,-0.00313011471927166
1733705223120403000,5.31740283203125,0.03360416343808174,0.04747735209837556,0.022708675414323806
1733705223130370000,5.3273701171875,0.016821370941400526,0.034586890865117306,0.03259352509081363
1733705223140337000,5.3373369140625,0.01321574766486883,0.015381255135685204,0.0064876084536314
1733705223150303200,5.34730322265625,0.0009083470165729522,0.010762509293854236,-0.002261515191197395
1733705223160270000,5.35727001953125,-0.006133972710371017,-0.011178542748838663,0.0047451487004756925
1733705223170237200,5.3672373046875,0.012220014625787734,0.00007408814951777457,0.01308686058819294
1733705223180204000,5.3772041015625,0.023361001843214033,-0.004051905739307403,0.010699673190712928
1733705223190170000,5.387170166015625,0.04484422711580992,-0.007493570625782013,-0.0003045359045267105
1733705223200137200,5.39713720703125,0.09185206200629473,0.009438128822296858,-0.009979542222619056
1733705223210104000,5.40710400390625,0.10938187347799538,-0.0007549100205302238,-0.02154255424439907
1733705223220071200,5.4170712890625,0.08242723105698824,-0.012183628138154745,-0.046424482044577595
1733705223230037000,5.427037109375,0.053581368061900135,-0.011856880401819944,-0.050205169627070424
1733705223240004000,5.437004150390625,0.027611937285959717,-0.009799071089178324,-0.07279401805400848
1733705223249971200,5.44697119140625,0.031079321135580536,-0.006485562627017497,-0.08311433653831482
1733705223259938000,5.45693798828125,0.018418577004969117,-0.003724135089665651,-0.06239069746136665
1733705223269905200,5.4669052734375,0.03720511053949594,-0.020251345390081405,-0.034300913530588145
1733705223279871000,5.47687109375,0.01994037974476814,-0.025479455301910637,-0.029393267744779586
1733705223289838000,5.486838134765625,0.03901332900524139,-0.05620645586848259,-0.04724398173391819
1733705223299805200,5.49680517578125,0.022144027268886566,-0.04114654164165258,-0.06870937908887863
1733705223309772000,5.50677197265625,0.026075813759863373,-0.020791882007569075,-0.05907178217172623
1733705223319738000,5.516738037109375,0.038275954641401766,0.028454963981360194,-0.03215396462976932
1733705223329705000,5.526705078125,0.03755933080464601,0.09488704578801989,0.08281506133079529
1733705223339672000,5.536672119140625,0.02587473822981119,0.08348506954684853,0.12264905906915664
1733705223349639200,5.54663916015625,-0.005712240166962147,0.0604845715790987,0.12786357884705066
1733705223359605000,5.55660498046875,-0.030810148805379866,0.026574118670821188,0.10201485184133052
1733705223369572000,5.566572021484375,-0.05639788678735494,-0.0006372749902307987,0.05892097552418708
1733705223379539000,5.5765390625,-0.04462093975394964,0.014517185652256012,0.018264555487036704
1733705223389506000,5.586506103515625,-0.003772504276037216,0.041429157975316044,0.005353635987639427
1733705223399471900,5.596471923828125,0.021727847683429717,0.05145093190446496,0.008978256225585938
1733705223409439000,5.60643896484375,0.02519113987982273,0.045795974882692096,0.052830257433652876
1733705223419406000,5.616406005859375,0.03850450270026922,0.015766308930516244,0.05310498272180557
1733705223429373000,5.626373046875,0.03623188159316778,-0.0037261809162795543,0.039086394241452216
1733705223439339300,5.63633935546875,0.02875467758029699,0.0006704466074705124,-0.025508535265922543
1733705223449306000,5.64630615234375,0.017331366290152073,0.005280424620956182,-0.06397708986997604
1733705223459273200,5.656273193359375,-0.0016895605221390723,0.0012212123580276966,-0.08877718460559844
1733705223469240000,5.666239990234375,0.02665770530104637,0.003474398112297058,-0.04265840750932693
1733705223479207000,5.67620703125,0.06028378830999136,0.017333558247238395,0.00789104551076889
1733705223489173200,5.68617333984375,0.06558627863228321,0.019462386969476938,0.04793488660752773
1733705223499140000,5.69614013671875,0.06001958441585302,-0.022485826443880794,0.04756371520757675
1733705223509107200,5.706107177734375,0.013935878632962704,-0.02585091896280646,-0.004413140267133712
1733705223519074000,5.716073974609375,-0.009941840560734272,-0.01684898960068822,-0.0475005868434906
1733705223529040100,5.7260400390625,0.0016889760002493858,0.013547171576321125,-0.06882394537925719
1733705223539007000,5.736007080078125,0.039083471632003784,0.03725260294303298,-0.04367547559738159
1733705223548974000,5.74597412109375,0.05845803418755531,0.010174188011884688,-0.015247838014364242
1733705223558941200,5.755941162109375,0.027527473872900006,0.0033440497308969497,0.01936053403019905
1733705223568907000,5.765906982421875,-0.011661211699247359,-0.04026508263200521,0.02307575516104698
1733705223578874000,5.7758740234375,0.016770517536997796,-0.034035832853615285,0.003587795358896255
1733705223588841000,5.785841064453125,0.012403554499149321,-0.00581906154230237,-0.017858897295594214
1733705223598808000,5.79580810546875,0.007910042472183704,0.02700315773785114,-0.025648820519447325
1733705223608774000,5.80577392578125,0.04611088605076075,0.04940963533520698,-0.018977672192454338
1733705223618741000,5.815740966796875,0.030299568934738633,0.05358092967048287,0.0036181904971599576
1733705223628708000,5.8257080078125,0.02650134569555521,0.03634352527409792,0.04152618860900402
1733705223638675000,5.835675048828125,0.006698620855808257,0.012491963434964417,0.05804653077721596
1733705223648641000,5.84564111328125,0.005624561883509158,0.006732961516827345,0.04414192406535148
1733705223658607900,5.85560791015625,0.01138882449865341,0.002713642872869968,0.025205168405175206
1733705223668575000,5.865574951171875,0.02590776371657848,-0.0093763156324625,-0.01982932058572769
1733705223678542000,5.8755419921875,0.05079290638715028,-0.0015776245802640915,-0.06176818164885044
1733705223688508200,5.885508056640625,0.02790039883852005,0.014340806172043084,-0.034924598386883735
1733705223698475000,5.89547509765625,0.01873626465201378,0.011180442444980144,-0.019055998125672338
1733705223708441900,5.90544189453125,0.0018444588229060172,0.01889817721545696,-0.019093992048501967
1733705223718409000,5.915408935546875,0.0149707746386528,0.003155541421473026,-0.008629296657443046
1733705223728376000,5.9253759765625,0.006646013885736465,0.013700024050474166,-0.023025486278533933
1733705223738342100,5.935342041015625,0.030891689608991146,0.009753186120837927,-0.027547932139039038
1733705223748309200,5.945309326171875,0.02348492048382759,0.03738850428238511,0.00431260250210762
1733705223758276000,5.955276123046875,0.02712298472523689,0.019937895526736974,0.03344751157164574
1733705223768243200,5.9652431640625,0.015895488268136977,-0.008513707453757523,0.06898994959592819
1733705223778209000,5.975208984375,0.00895107595771551,-0.02326572477519512,0.10836334408521651
1733705223788176100,5.985176025390625,0.0011605682119727133,-0.03211085614040494,0.06413491078019141
1733705223798143200,5.995143310546875,0.02952800004035234,-0.018330460330098865,-0.015227379748225212
1733705223808110000,6.005110107421875,0.01715893233269453,0.006706365770846605,-0.08609422913193703
1733705223818076200,6.015076171875,0.020629531052708625,0.011318828002363442,-0.11252747802734374
1733705223828043000,6.02504296875,0.0407929058983922,0.030098785665631293,-0.09890987156331539
1733705223838010000,6.035010009765625,0.04973725985437631,0.030603081925958394,-0.052885202491283416
1733705223847977200,6.044977294921875,0.059038172163069245,0.03697027887031436,0.009801263046264648
1733705223857943000,6.054943115234375,0.03148264123946428,0.01002966497465968,0.01686053390800953
1733705223867910100,6.06491015625,-0.006432078874111175,0.0022105156563222406,0.008625789526104927
1733705223877877000,6.074876953125,-0.021067337948083877,-0.022541063762456178,-0.021229250511527062
1733705223887844000,6.084843994140625,0.0076382397934794425,-0.008548778767138719,-0.07308803256452083
1733705223897810000,6.094809814453125,0.019244506435096263,0.0021884499549865723,-0.0692816260188818
1733705223907777000,6.104777099609375,0.04029226289987564,-0.008815028487890958,-0.057391281738877295
1733705223917744000,6.114744140625,0.05510375532358885,-0.019294483056664466,-0.009799509480595587
1733705223927711000,6.1247109375,0.06614128216654062,0.012788316033035516,0.061083706516027444
1733705223937677000,6.134677001953125,0.07277209848314524,0.031070991698652503,0.09122866941094399
1733705223947644000,6.144643798828125,0.08126841641068458,0.039938481026142836,0.07042027465999126
1733705223957611000,6.154611083984375,0.01781944206804037,0.030405367396771906,0.03828559925258159
1733705223967578000,6.164578125,0.0028697102174162865,0.030589784052968024,0.005441314271092414
1733705223977544200,6.174544189453125,0.011687807445228099,0.030354660122841593,-0.010068974071741104
1733705223987511600,6.184511474609375,0.028276830935478208,0.0031149171501398086,-0.030002924075722692
1733705223997478700,6.194478759765625,0.04105915561914444,-0.0037719197541475295,-0.04948971483409405
1733705224007445500,6.204445556640625,0.05132599035054445,-0.015490706859529017,-0.052284898510575294
1733705224017411600,6.21441162109375,0.0557508210554719,-0.012638970690220594,-0.017444471275806426
1733705224027378700,6.224378662109375,0.07917787387222051,-0.0033509178631007668,-0.040999534386396405
1733705224037345500,6.234345458984375,0.11055851604193448,-0.024943302598595618,-0.08220540499985217
1733705224047312600,6.244312744140625,0.11817483626455068,-0.02785977456718683,-0.07738309940993786
1733705224057279500,6.254279541015625,0.1255678691253066,-0.004672229594737291,-0.03433949197530746
1733705224067245800,6.264245849609375,0.13599077120125294,0.05669321647211909,-0.08161971406638621
1733705224077212700,6.274212646484375,0.1868976593568921,0.07185498363822698,-0.1287076284557581
1733705224087179800,6.2841796875,0.2643532394811511,0.09858078573942183,-0.1450368319660425
1733705224097146600,6.294146728515625,0.26839696191400286,0.10271788554415107,-0.17766484384834766
1733705224107112700,6.30411279296875,0.25312369719743727,0.0944692587673664,-0.1931739631474018
1733705224117079800,6.314079833984375,0.2572811091378331,0.06484992718175053,-0.16269816086292266
1733705224127046700,6.324046630859375,0.2055389392018318,-0.003414923010021448,-0.14044424347877502
1733705224137013800,6.334013671875,0.14658727627843618,-0.08722557124942541,-0.14362871873378752
1733705224146979800,6.343979736328125,0.12752543293386698,-0.14608765619322656,-0.1450590437978506
1733705224156946700,6.35394677734375,0.10545300959646701,-0.18403247918412088,-0.13337269765734672
1733705224166913800,6.363913818359375,0.08311667462587356,-0.2263742219597101,-0.07379004335403443
1733705224176880600,6.373880615234375,0.06292816533893346,-0.24890023428350685,0.019532383465766905
1733705224186846700,6.3838466796875,-0.02128507235199213,-0.17217457586899398,0.11964110942482947
1733705224196813600,6.3938134765625,-0.09339256944656371,-0.007961480398476124,0.14286474862396717
1733705224206780700,6.40378076171875,-0.144019471617043,0.1607081560894847,0.1392325296014547
1733705224216747800,6.413747802734375,-0.2143055985033512,0.3128913526788354,0.06788520322442054
1733705224226713600,6.423713623046875,-0.24846885712891817,0.35510523129105565,-0.01663257037103176
1733705224236680700,6.4336806640625,-0.2012494253143668,0.2757123994939029,-0.008371522504091263
1733705224246647600,6.4436474609375,-0.10964461606740951,0.11810820076912641,0.07573474768102169
1733705224256614700,6.45361474609375,-0.05226531702727079,-0.06407572793886065,0.1316916127026081
1733705224266580500,6.46358056640625,-0.07814473143219948,-0.23734248295873403,0.21618425185680387
1733705224276547600,6.473547607421875,-0.15495879878252744,-0.3011766572266817,0.31036826394200323
1733705224286514700,6.4835146484375,-0.22344722859710453,-0.19355521754994987,0.3931459158718586
1733705224296481500,6.4934814453125,-0.25033289743512865,-0.04058510836660862,0.4299094201236963
1733705224306448000,6.50344775390625,-0.29805969424992795,0.09386895478665828,0.3915104236245155
1733705224316414700,6.513414794921875,-0.28960020120143887,0.21274974736347793,0.3022580227226019
1733705224326381600,6.523381591796875,-0.22301848179101944,0.2972267505571246,0.15452420675754547
1733705224336348700,6.5333486328125,-0.12287000834345817,0.2951994825132191,0.013231822016835213
1733705224346315500,6.5433154296875,-0.06517331391721963,0.213815476898849,-0.09654957217276096
1733705224356281900,6.55328173828125,-0.008899638031423091,0.10223770081177354,-0.1153437044918537
1733705224366248700,6.563248779296875,0.06825900497287511,0.007351239545643329,-0.06834814456105232
1733705224376215800,6.5732158203125,0.1379457046613097,-0.06051321315169334,0.004140168544650077
1733705224386183000,6.583182861328125,0.1631608099386096,-0.08065598360076547,0.05683247881233692
1733705224396148700,6.593148681640625,0.20493308226317167,-0.08203150973767041,0.07565525270402432
1733705224406115800,6.60311572265625,0.219518656976521,-0.04763415009528398,0.052224108234047883
1733705224416082700,6.613082763671875,0.2161950655117631,0.00342398309931159,0.017978724282979964
1733705224426049800,6.6230498046875,0.19463935952484607,0.03668240183964371,-0.07829086190462112
1733705224436015600,6.633015625,0.14692396088689566,0.04863251348286867,-0.15501754323244094
1733705224445982700,6.642982666015625,0.1250581660374999,0.02768909417539835,-0.21374621105492114
1733705224455949800,6.65294970703125,0.09226005828529596,-0.013596417545527218,-0.2673293326824903
1733705224465916700,6.662916748046875,0.08043021202087401,-0.055843029383569956,-0.27997429472208024
1733705224475882800,6.6728828125,0.06075988138914108,-0.05404182518050074,-0.23967092590630054
1733705224485849600,6.682849609375,0.004580605788528919,-0.024045623106509446,-0.15029168375432492
1733705224495816700,6.692816650390625,-0.030544775867462157,-0.030255437532067296,-0.07744915038347244
1733705224505783800,6.70278369140625,-0.030907471700012682,-0.047124154746532435,-0.0073895257294178006
1733705224515749600,6.71274951171875,0.008116378699243068,-0.05736000981777906,0.02870236287117004
1733705224525716700,6.722716796875,0.06574205371588468,-0.10077493478283285,0.06370528719127178
1733705224535683600,6.73268359375,0.12692395990937946,-0.13664704315289855,0.0864046102553606
1733705224545650700,6.742650634765625,0.14490093062669038,-0.13857567312791944,0.10822188978791236
1733705224555616500,6.752616455078125,0.09829875392764806,-0.07127031561806797,0.07523790407478809
1733705224565583600,6.76258349609375,0.0583715249478817,0.02216960010156035,0.029577976661920545
1733705224575550700,6.77255078125,0.017647884893417357,0.11198884110599755,-0.034659225448966026
1733705224585517600,6.782517578125,-0.006473287667334079,0.1878084905914962,-0.09163140499293804
1733705224595484000,6.79248388671875,0.00090104049295187,0.20172756422013044,-0.12152619251906871
1733705224605450800,6.80245068359375,-0.005078618438541889,0.16811565586701036,-0.07556640537679195
1733705224615417600,6.81241748046875,-0.008730418944358826,0.07869608170464634,-0.017682956206798554
1733705224625384700,6.822384765625,-0.0076429159685969346,0.020431524262577293,0.0402852486371994
1733705224635350800,6.832350830078125,-0.007545008552074432,-0.0027935762412846085,0.082200144302845
1733705224645318000,6.84231787109375,0.010998948398232459,-0.013143413081020116,0.10924947926998138
1733705224655284700,6.85228466796875,-0.008892039246857166,-0.02021189016252756,0.12302490664422511
1733705224665251800,6.862251953125,0.01588584365695715,-0.01814516689106822,0.12667173871397971
1733705224675217700,6.8722177734375,0.03564151448458433,0.004574614439159632,0.11414192748665809
1733705224685184800,6.882184814453125,0.018335574896633625,0.017594693401455877,0.08493862935602664
1733705224695151900,6.89215185546875,0.012116554251313208,0.02793327819481492,0.019746318477392194
1733705224705118700,6.90211865234375,0.01170914249420166,0.02215630222856998,-0.034224925684928895
1733705224715084800,6.912084716796875,-0.0006698620855808258,-0.010730214459449052,-0.045133857712149617
1733705224725051600,6.9220517578125,0.02000789202302694,-0.016178689123690127,-0.0009223755419254302
1733705224735018800,6.932018798828125,0.015205460177361964,-0.05810322940051555,-0.014231938970088958
1733705224744985600,6.941985595703125,0.0241445534363389,-0.051527358141541475,0.004396773654222488
1733705224754952700,6.95195263671875,0.02353314353972673,-0.027809505684673785,0.027100772893428802
1733705224764918800,6.961918701171875,0.030584231095016002,-0.00812821526750922,0.0517009611427784
1733705224774885600,6.9718857421875,0.023968027825653552,0.01331686995178461,0.06815408329367638
1733705224784852700,6.981852783203125,0.031874563166499136,0.010909224288165568,0.012255085939168929
1733705224794819600,6.991819580078125,0.006072013390064239,-0.0017417291007936,-0.03601239362359047
1733705224804785700,7.00178564453125,-0.005893441952764988,-0.016088672752678394,-0.0661924278318882
1733705224814752500,7.01175244140625,0.00784574506431818,-0.005639905583113431,-0.0739870272308588
1733705224824719600,7.0217197265625,0.0009855039060115813,0.005327186372131109,-0.07970482035577296
1733705224834686700,7.031686767578125,0.023549217891693112,0.021080343560129403,-0.06683131025731563
1733705224844652500,7.041652587890625,0.027720658357441422,0.03992459863126278,-0.013424714240431785
1733705224854619600,7.05161962890625,0.031050679562985895,0.06779898624569178,0.010640636479854583
1733705224864586500,7.06158642578125,0.027095804457366465,0.06309300051182508,0.025658172869682312
1733705224874553600,7.0715537109375,0.010718670152127742,0.05617153068557381,0.044536476340889926
1733705224884519700,7.081519775390625,0.0020727146208286283,0.04884527945071458,0.06291442907452582
1733705224894486800,7.09148681640625,0.015841712254285812,0.04472074686661363,0.08346855680346489
1733705224904453600,7.10145361328125,0.024029694885015485,0.03649024026840925,0.05407821166813373
1733705224914420500,7.11142041015625,0.038271862988173956,0.013311755385249853,0.024895956325531005
1733705224924386800,7.12138671875,0.046212008337676524,-0.0098556235820055,-0.011661796221137046
1733705224934353700,7.131353759765625,0.06455138262659312,-0.020946634177863598,-0.03395663013756275
1733705224944320800,7.14132080078125,0.08107990810126066,-0.008016425456106662,-0.053929158586263654
1733705224954287900,7.151287841796875,0.08214841411560773,0.014451134678721427,-0.02846972315907478
1733705224964253700,7.161253662109375,0.08239157522171735,0.0009879881240427494,-0.007446808874607086
1733705224974220800,7.171220703125,0.06954992156624794,-0.008425736909359693,0.007563713252544403
1733705224984187600,7.181187744140625,0.041111178067326545,-0.014678367563337087,0.01438391466140747
1733705224994153700,7.19115380859375,0.030203122822940347,-0.021613865914940834,-0.02006722099483013
1733705225004119800,7.201119873046875,0.0413856110945344,-0.006930237654596567,-0.07504851898252964
1733705225014086700,7.211086669921875,0.04541735082864761,0.026637977687269446,-0.0860819541722536
1733705225024053800,7.2210537109375,0.05552227299660444,0.03469371224045753,-0.0684054277062416
1733705225034020900,7.231020751953125,0.06652648209184407,0.030540099692344665,-0.04152443504333496
1733705225043986700,7.240986572265625,0.04087298539727926,0.0166341778062284,-0.022138766571879385
1733705225053953800,7.250953857421875,0.012839607828855513,-0.026840076130628585,-0.01907294926047325
1733705225063920600,7.260920654296875,-0.0018929741397500036,-0.02769800813421607,-0.009136661657691001
1733705225073887700,7.2708876953125,-0.00027004911303520204,-0.016032266390323638,-0.002142272725701332
1733705225083853800,7.280853759765625,0.010840542966127395,0.009295651611685753,0.01374386319220066
1733705225093821000,7.290821044921875,0.014183715914189815,0.02309431373104453,0.0396884517878294
1733705225103787800,7.300787841796875,-0.01703735177963972,0.01571019482910633,0.05307809471487999
1733705225113754600,7.310754638671875,-0.03342266939133406,-0.004898439566045999,0.06311842721402645
1733705225123721000,7.320720947265625,-0.021551029811799526,0.0007199848376214504,0.039621816292405125
1733705225133687800,7.330687744140625,0.0029439444974064823,0.005731383258849382,0.04927285721302032
1733705225143655000,7.340655029296875,0.040898119838535786,0.032115386185050006,0.09031506169736385
1733705225153622000,7.3506220703125,0.042164194251596926,0.03944266033321619,0.062297173959016794
1733705225163587800,7.360587890625,0.014872574961185454,0.01649564611837268,0.03918108678758144
1733705225173555000,7.370554931640625,0.011977730302512646,-0.0009330430664122104,-0.015223872616887091
1733705225183521800,7.380521728515625,-0.0025441315248608586,-0.013760229805111884,-0.07805354601740837
1733705225193489000,7.390489013671875,0.021607143913209437,-0.0007559329338371753,-0.09797112940847873
1733705225203454700,7.400454833984375,0.04691401912719011,0.03046776510849595,-0.08417173663675785
1733705225213421800,7.410421875,0.01255699149519205,0.03243336609303951,-0.06779577137529849
1733705225223389000,7.420388916015625,-0.003492226029932499,0.021579671384394167,-0.026857611787319182
1733705225233355800,7.430355712890625,0.02427256373018026,0.013532704659551382,-0.014423662149906157
1733705225243321900,7.44032177734375,0.034525077675282956,0.01000467666387558,-0.035381694504618644
1733705225253288700,7.450288818359375,0.04153232608884573,-0.020296353575587272,-0.03000175503194332
1733705225263255800,7.460255859375,0.04452186329364776,-0.05708659970387816,-0.021807342660427092
1733705225273223000,7.470222900390625,0.05705459713041782,-0.044092678096145387,0.026454876205325124
1733705225283188700,7.480188720703125,0.08914221852570772,-0.04003521939888596,0.04603051429092884
1733705225293155800,7.49015576171875,0.06373422102481126,-0.006939882265776395,0.015856325301527977
1733705225303122700,7.500122802734375,0.03180529732257128,0.0034719138942658897,-0.014326046994328498
1733705225313089800,7.51008984375,0.03297287979722023,0.0023375030368566513,-0.04365384828746319
1733705225323056600,7.520056640625,0.012573065847158432,0.03771656719297171,-0.024510171878337858
1733705225333022700,7.530022705078125,0.004952946232259273,0.03974646558538079,0.020684476110339165
1733705225342989800,7.53998974609375,0.0020037410378456115,0.023520868580043316,0.06349719739854336
1733705225352956700,7.549956787109375,0.005241992306709289,0.0026218729361891747,0.05661328310370445
1733705225362923800,7.559923828125,0.030443361319601535,-0.0307813611023128,0.03660392977595329
1733705225372889900,7.569889892578125,0.020180325980484484,-0.04349924224764108,-0.026336802783608435
1733705225382857000,7.57985693359375,0.02945844193547964,-0.02082023131921887,-0.05833820720016956
1733705225392823800,7.58982373046875,0.06076864921748638,0.018490765458345413,-0.05679097775816917
1733705225402791000,7.599791015625,0.03638882572054863,0.031725656215101476,-0.030083003574609756
1733705225412757000,7.609757080078125,0.0330699104309082,0.032226153083145616,-0.0028811083942651746
1733705225422723800,7.619723876953125,0.015360066217184066,0.030682284642010924,0.01047697035074234
1733705225432691000,7.62969091796875,0.025757249329984185,0.013511661871522664,0.008670213189721106
1733705225442657800,7.63965771484375,0.03353957376927137,0.013242489541321992,0.015494506251811981
1733705225452624000,7.649623779296875,0.019622107575833797,0.02029080061763525,0.0063601826816797255
1733705225462591000,7.659591064453125,0.014109481634199618,-0.0010224749155342578,-0.0032867665857076642
1733705225472557800,7.669557861328125,0.012193126618862151,-0.01156184297800064,0.006034603989124298
1733705225482525000,7.67952490234375,0.010206044454872608,-0.012420797894895075,0.029670331120491025
1733705225492490800,7.68949072265625,0.028680443300306797,-0.0017325228810310363,0.016212299132347105
1733705225502457900,7.699457763671875,0.036923078727722165,0.0008422960430383682,-0.023837971705198288
1733705225512424700,7.7094248046875,0.026709143227338788,0.0022564006246626376,-0.06920505365133285
1733705225522391800,7.719391845703125,0.025846681179106233,0.005521247639507055,-0.09841010534763335
1733705225532358000,7.72935791015625,0.03658434829264879,0.00843698895573616,-0.06223813724815845
1733705225542324700,7.73932470703125,0.03967266969680786,-0.007384557293355465,-0.031060324174165724
1733705225552291800,7.749291748046875,0.02995557780265808,-0.024552403584867714,0.0040665187865495675
1733705225562258700,7.7592587890625,0.01588058295994997,-0.04690948908254504,0.03771393684446812
1733705225572224800,7.769224853515625,0.0001949380502104759,-0.033370500812679525,0.026209961533546447
1733705225582191600,7.779191650390625,0.006796528272330761,-0.008410247079282998,0.012353870138525963
1733705225592158700,7.78915869140625,-0.007762742955982685,-0.004375146344304084,-0.008116086438298226
1733705225602125800,7.799125732421875,0.0008978256225585938,0.02157002677321434,-0.015333178210258484
1733705225612092000,7.809091796875,0.004655424590408802,0.04702595506906509,0.009734627550840378
1733705225622058800,7.819058837890625,0.016802373979985713,0.06739128222763538,0.02941840218603611
1733705225632025600,7.829025634765625,0.005975859539210796,0.0680044456899166,0.05692424874901771
1733705225641992700,7.83899267578125,0.020608780525624752,0.061792147046327586,0.07645370960533618
1733705225651958800,7.848958740234375,0.054986558684706685,0.02900236873105168,0.06424538541734218
1733705225661926000,7.85892578125,0.03299479936808347,-0.009481967964023352,0.022654314878582955
1733705225671893000,7.86889306640625,0.04589402842968702,-0.003876987563818693,-0.003122515934705734
1733705225681859800,7.87885986328125,0.03949351373761892,0.008255494908988475,-0.018988193586468697
1733705225691826000,7.888825927734375,0.05269464835524559,0.008289397178590297,-0.023059388548135756
1733705225701792800,7.898792724609375,0.045724517081677914,0.01911284287944436,-0.03488777350783348
1733705225711760000,7.908759765625,0.027278759808838367,0.020638591141998768,-0.07541559872925281
1733705225721727000,7.91872705078125,0.02095247939676046,0.002083966667205095,-0.08572598034143447
1733705225731692800,7.92869287109375,0.033276831179857254,-0.01975654761046171,-0.08144552654325962
1733705225741660000,7.938659912109375,0.05063040930181741,-0.011656389393657445,-0.06038987903296947
1733705225751626800,7.948626708984375,0.055412967403233045,-0.005245207177102565,-0.013342296653985977
1733705225761593900,7.95859375,0.060817456795275206,-0.00397971728593111,0.04912029699981212
1733705225771559700,7.9685595703125,0.03979746512025595,0.0006548106469213963,0.06061433543860912
1733705225781526800,7.97852685546875,0.016091595362126825,0.001329202777147293,0.03473521329462528
1733705225791494000,7.988493896484375,-0.0011611527338624,-0.01250102352425456,0.011442600512504578
1733705225801460700,7.998460693359375,-0.022053134115040302,-0.025655104129761457,-0.02904021652340889
1733705225811426800,8.0084267578125,-0.0067430445194244385,0.008546879070997238,-0.05577800132334232
1733705225821393700,8.0183935546875,0.010323825615644454,0.004658931721746922,-0.06348901409208774
1733705225831360800,8.02836083984375,0.022161270664632318,0.012073007370531559,-0.02045358996391296
1733705225841327900,8.038327880859375,0.010962415780127048,0.03236468477100134,0.021026421415805817
1733705225851293700,8.048293701171875,0.02571574827581644,0.032749738565832374,0.061407531642913814
1733705225861260800,8.0582607421875,0.013588672630488872,0.011739537632465363,0.08656243116557598
1733705225871227600,8.0682275390625,0.014784604416787623,0.011208499495685099,0.10102642532587051
1733705225881194800,8.07819482421875,-0.0052001989915966985,0.024753332984447478,0.09923954190909862
1733705225891160800,8.088160888671876,-0.014017711697518824,0.005950286706537008,0.06352233183979988
1733705225901128000,8.0981279296875,-0.03815291278362274,0.03326879400387406,0.04932078800797462
1733705225911094800,8.1080947265625,-0.04317512485980987,0.049511196013540024,0.02189326737821102
1733705225921061600,8.1180615234375,-0.032468145145475864,0.028824089554697275,0.0019043723165988922
1733705225931028000,8.128028076171875,-0.03191343387216329,0.03906359788775444,0.02785188352167606
1733705225940994800,8.137994873046875,-0.03068798373043537,0.014087562063336372,0.04265256229043007
1733705225950962000,8.1479619140625,0.00495353075414896,0.017101795317977665,0.05411971272230148
1733705225960929000,8.157928955078125,0.015044132135808467,-0.0075232351116836065,0.056067924180626866
1733705225970894800,8.167894775390625,0.002240472403168678,0.011296762301027774,0.06381868443787098
1733705225980862000,8.177862060546875,-0.0004874912559986114,0.013829349518567322,0.06013444296717643
1733705225990829600,8.18782958984375,0.03518792549818754,0.006109568921476603,0.036734278157353396
1733705226000796700,8.197796630859376,0.04987842189073562,-0.007468290054053067,-0.006107084703445434
1733705226010762500,8.207762451171876,0.0461173157915473,-0.0015180033475160597,-0.05272328992784023
1733705226020729600,8.2177294921875,0.03321808672994375,0.007023176635056734,-0.0996720881074667
1733705226030696400,8.227696533203124,0.022693477845191955,0.00756254420876503,-0.1061678798675537
1733705226040663600,8.23766357421875,0.043594519315659996,0.001346592303365469,-0.07534370253682136
1733705226050629400,8.24762939453125,0.016844459556043148,-0.011355799011886119,-0.056657122245430944
1733705226060596500,8.257596435546875,-0.016091303101181984,-0.07034910911992191,-0.05671908156573772
1733705226070563600,8.2675634765625,0.010080664509534836,-0.10268427553549409,-0.07168810263872147
1733705226080530400,8.277530517578125,0.02465601008981466,-0.08400850889906286,-0.059570963865518564
1733705226090496500,8.28749658203125,0.06742927615046501,-0.05854600473195314,-0.020931144347786902
1733705226100463400,8.29746337890625,0.08224193761795759,-0.009938479559868573,0.020425532913208005
1733705226110430500,8.307430419921875,0.06015080958008766,0.029975597677379846,0.034029110851883884
1733705226120397300,8.317397216796875,0.04766220714598894,0.04947027948126197,0.04300502898991108
1733705226130363400,8.32736328125,0.06173311033546924,0.09325082288831472,0.024055413848161695
1733705226140330500,8.33733056640625,0.07482377031594514,0.16199936494380235,0.004838087680935859
1733705226150297300,8.34729736328125,0.11285802515596151,0.18919336907863615,0.005735328781604767
1733705226160264400,8.357264404296876,0.12650807258486746,0.19902853439450263,0.0463981785595417
1733705226170230300,8.367230224609376,0.08937427371591329,0.1526720030196011,0.11874036119282246
1733705226180197400,8.377197265625,-0.0025192893445491788,0.11993395489156246,0.12997370286881924
1733705226190164200,8.387164306640624,-0.057903615175187585,0.07066124380901455,0.021551322072744367
1733705226200131300,8.39713134765625,-0.05267740495949983,0.006884206555783748,-0.09916004693210125
1733705226210097700,8.40709765625,0.011822247479856014,-0.06222367033138871,-0.2059790841847658
1733705226220064500,8.417064453125,0.15009703796505927,-0.15505787524282932,-0.2678501416862011
1733705226230031600,8.427031494140625,0.23675386941581963,-0.28847718852087856,-0.25226678810715675
1733705226239998500,8.43699853515625,0.30673429135382174,-0.3936097339913249,-0.1952823336035013
1733705226249964500,8.446964599609375,0.33194559723883865,-0.4170822333849966,-0.1399269416064024
1733705226259931400,8.456931396484375,0.2941127101898193,-0.33831615518406033,-0.14820669417381285
1733705226269898500,8.4668984375,0.23431582861393688,-0.17534166159778833,-0.19705343492925165
1733705226279865600,8.476865478515625,0.1431216459944844,0.02555719671323895,-0.1857756695896387
1733705226289831400,8.48683154296875,-0.004737257654964923,0.19265110831707716,-0.14617664965093136
1733705226299798500,8.496798583984376,-0.14241408224701882,0.32580870191901923,-0.040620179679989814
1733705226309765400,8.506765380859376,-0.2704489260077476,0.3932366628952324,0.06070201372206211
1733705226319732500,8.516732421875,-0.3497171085119247,0.3905611600756645,0.13293722884953021
1733705226329698300,8.5266982421875,-0.3224596837520599,0.2866879670165479,0.19222879125177858
1733705226339665400,8.53666552734375,-0.25126491758823394,0.14817308416515587,0.2261871749550104
1733705226349632500,8.546632568359374,-0.1510930632650852,0.029343437253683803,0.25763094548881055
1733705226359599400,8.556599365234375,-0.026669395738840102,-0.05629223445579409,0.27430793952345844
1733705226369565400,8.5665654296875,0.04380056328177452,-0.11982801029905676,0.27622517132163044
1733705226379532300,8.5765322265625,0.10209347003549336,-0.1549881710074842,0.23594050720632076
1733705226389499400,8.58649951171875,0.10079641596227884,-0.14177373851686714,0.1866600512087345
1733705226399466500,8.596466552734375,0.0979135540023446,-0.10796791502684354,0.09408405884206295
1733705226409432300,8.606432373046875,0.08620996446609497,-0.06036430620029568,0.0004015665382146835
1733705226419399400,8.6163994140625,0.05571224261075258,0.008705722894519567,-0.07614215943813324
1733705226429366300,8.6263662109375,0.013948153592646121,0.04309329179525375,-0.11921148583590983
1733705226439333400,8.63633349609375,-0.013352525787055492,0.035606589301675554,-0.11478080991208553
1733705226449299500,8.646299560546876,-0.09319383200407028,0.04172068826779723,-0.06882979059815407
1733705226459266300,8.656266357421876,-0.14753420173972845,0.05284691630750894,-0.025814824736118316
1733705226469233400,8.6662333984375,-0.14468816465884446,0.0462402115188539,0.02949497455358505
1733705226479200300,8.6762001953125,-0.12809563403725624,0.0589312046572566,0.06747194624841213
1733705226489166600,8.68616650390625,-0.0628135990485549,0.05416837416961789,0.08947685730755328
1733705226499133400,8.696133544921874,-0.031206746907532213,0.05368351326212287,0.13101356731057165
1733705226509100500,8.7061005859375,0.006624678836762905,0.05013415021747351,0.1435305190563202
1733705226519067600,8.716067626953125,0.01657733305245638,0.0412654918462038,0.11794365785717964
1733705226529033500,8.726033447265625,0.019478315190970895,0.01856616878211498,0.06290215411484242
1733705226539000600,8.73600048828125,0.013721066838502884,-0.011938567335903644,0.04954524441361427
1733705226548967400,8.745967529296875,0.025234979021549222,-0.005206628732383251,-0.0015098200410604476
1733705226558934500,8.7559345703125,0.020123627357184887,-0.028210779961943624,-0.052019525572657585
1733705226568900400,8.765900390625,0.023398703505098817,-0.04120382478684187,-0.06707797849476337
1733705226578867500,8.775867431640625,0.030022505559027194,-0.026512451611459254,-0.07624094363749027
1733705226588834600,8.78583447265625,0.05014642517715692,0.003156418204307556,-0.06437222666740416
1733705226598801400,8.795801513671876,0.06928600993305445,0.014501257430762051,-0.06423252593576907
1733705226608767500,8.805767578125,0.06524111845642327,0.01879252488389611,-0.0812199010938406
1733705226618734300,8.815734375,0.06408668772429227,0.0024352643229067325,-0.1059106902360916
1733705226628701400,8.825701416015624,0.12357844887375831,-0.006146832191944122,-0.1255395198136568
1733705226638668500,8.83566845703125,0.15594634851515293,0.000056990884244441985,-0.1574637673407793
1733705226648634400,8.84563427734375,0.17815291962623594,-0.0023258125990629195,-0.14912147093117237
1733705226658601500,8.8556015625,0.1838172289982438,-0.019163404022902248,-0.128881231456995
1733705226668568300,8.865568359375,0.16108604949116706,-0.03465878705754876,-0.11263327648937702
1733705226678535400,8.875535400390625,0.1462228268802166,-0.05170242244750261,-0.08972703267633915
1733705226688501200,8.885501220703125,0.13699468754678965,-0.033733342775702474,-0.06531330690979957
1733705226698468400,8.89546826171875,0.13170681027173994,-0.0264810335598886,-0.05370002600550651
1733705226708435500,8.905435546875,0.11189648664742707,-0.03227978296652436,-0.06018412732779979
1733705226718402300,8.91540234375,0.1090019342496991,-0.026586832021921872,-0.05117079978883266
1733705226728368600,8.92536865234375,0.04712298570275306,-0.038285745383054015,-0.06737199300527572
1733705226738335500,8.93533544921875,0.009940963777899742,-0.0395149949170649,-0.060245502126216884
1733705226748302300,8.94530224609375,-0.010609072297811507,-0.014709054962545633,-0.027528058394789695
1733705226758269400,8.95526953125,-0.022697277237474917,0.015996464424580335,0.004782558101415634
1733705226768235500,8.965235595703126,-0.022148411183059213,0.034381577551364895,0.0483808768093586
1733705226778202600,8.97520263671875,-0.01907382604330778,0.041468467072397465,0.08102525530457497
1733705226788169500,8.98516943359375,-0.039997956128418444,0.05369023526385426,0.10683949551880359
1733705226798136600,8.995136474609374,-0.09109685972481965,0.07454071559086442,0.13301789287030696
1733705226808102400,9.005102294921874,-0.10124006807655095,0.03909209332987666,0.13802549189925192
1733705226818069500,9.015069580078125,-0.10172288315743207,0.03401610523983836,0.15301263315081595
1733705226828036600,9.02503662109375,-0.08981997165679931,0.010591682771593332,0.1290419749766588
1733705226838003500,9.03500341796875,-0.08360358135998248,-0.01305675771087408,0.11576339120864867
1733705226847969500,9.044969482421875,-0.057654316589236254,-0.024196283623576162,0.0877507641673088
1733705226857936400,9.054936279296875,-0.024538228929042814,-0.030167613118141888,0.057091422009468075
1733705226867903500,9.064903564453125,0.024069442373514174,-0.00003068739920854568,-0.000011690437793731688
1733705226877870600,9.07487060546875,0.06528729568570851,0.06443798537999391,-0.013157587736845016
1733705226887836400,9.08483642578125,0.05135580096691846,0.09840382173731922,-0.012760697373747824
1733705226897803500,9.094803466796876,0.005516133072972297,0.0840964794434607,0.017720365607738493
1733705226907770400,9.104770263671876,-0.006019406419992447,0.0692073917388916,0.0334492651373148
1733705226917737500,9.114737548828124,-0.040379648922383785,0.06308057942166924,0.06380640947818755
1733705226927703300,9.124703369140626,-0.04573299264907837,0.029934827275574206,0.0725274760723114
1733705226937670400,9.13467041015625,-0.03199672824144363,0.004952507840842008,0.04881926822662353
1733705226947637500,9.144637451171874,-0.005028934077918529,-0.001757072800397873,0.037005496314167975
1733705226957604400,9.154604248046875,0.026576749019324778,0.0026034604966640473,0.03772153562903404
1733705226967570400,9.1645703125,0.06210457399636507,-0.007411153039336204,0.025003508353233336
1733705226977537300,9.174537353515625,0.062302726916968816,-0.016254823099821805,0.013986439776420593
1733705226987504000,9.184504150390625,0.05530424633175134,-0.010940642339736222,-0.038410686936974525
1733705226997471200,9.19447119140625,0.0946373088106513,-0.002437017888575792,-0.09375555754005908
1733705227007437600,9.2044375,0.09712152684181928,-0.02706877031996846,-0.13704291060268878
1733705227017404400,9.214404296875,0.10996785667240619,-0.034888211899250746,-0.1452864228129387
1733705227027371500,9.22437158203125,0.12295154914706945,-0.046659605974704026,-0.1252472588688135
1733705227037338400,9.23433837890625,0.11743950772732495,-0.05815934350192546,-0.11158522874116897
1733705227047304400,9.244304443359376,0.09941752882450819,-0.05557371092289686,-0.09845920518636703
1733705227057271300,9.254271240234376,0.09713497084528207,-0.04816898762434721,-0.09014496582746505
1733705227067238400,9.26423828125,0.08158493501394987,-0.010267711514234543,-0.08015256412327289
1733705227077205500,9.27420556640625,0.08499737380594015,0.009292875132709742,-0.06496668542921542
1733705227087171300,9.28417138671875,0.08490268125981092,0.024653964263200757,-0.031732524347305294
1733705227097138400,9.294138427734374,0.04635580072253942,0.019104513442516326,-0.01146948851943016
1733705227107105300,9.304105224609375,0.029775837321579453,0.009887918416410684,0.0040104046851396555
1733705227117072400,9.314072265625,0.032870296205580234,-0.005034925427287817,0.025301029995083806
1733705227127038200,9.3240380859375,0.028358956260979173,0.0008276829957962036,0.04343932875394821
1733705227137005300,9.33400537109375,0.025713410188257693,0.01696720915287733,0.05121346988677978
1733705227146972400,9.343972412109375,0.008857552455365658,0.04470408799275755,0.07623042224347591
1733705227156939300,9.353939208984375,-0.04438187030106783,0.04527706557512283,0.0653033700376749
1733705227166905300,9.3639052734375,-0.044588498789072034,0.06905629283040761,0.04442191005051136
1733705227176872200,9.3738720703125,-0.05331102668792009,0.05737199251651764,0.0402022465288639
1733705227186839300,9.38383935546875,-0.045484278585016726,0.04112973663732409,0.03793839325010776
1733705227196806400,9.393806396484376,-0.03175181356966495,0.05122998263016343,0.02030044522881508
1733705227206772200,9.403772216796876,-0.019487959802150723,0.020375556291639802,0.03056640317738056
1733705227216739300,9.4137392578125,-0.02147416518330574,-0.0064554597496986384,0.028141806378960608
1733705227226706200,9.4237060546875,0.0009247136294841766,-0.017068185309320687,0.03564882100820541
1733705227236673300,9.43367333984375,0.022485680313408373,-0.023491788616031406,0.027710429224371908
1733705227246639400,9.443639404296874,0.036437925559282304,-0.005431085138022899,0.048827451533079144
1733705227256606500,9.4536064453125,0.04752192189246416,0.020087825391441584,0.070353639164567
1733705227266573300,9.4635732421875,0.04892418990582227,0.024679537095874546,0.0669026219278574
1733705227276539400,9.473539306640625,0.03153261786103249,0.029250059881806373,0.03169862207770347
1733705227286506500,9.483506591796875,0.01691226409524679,0.012292203079164028,-0.0022281974434852597
1733705227296473300,9.493473388671875,-0.005545943689346313,-0.0052849546656012535,-0.03899462430477142
1733705227306440400,9.5034404296875,0.008584580732882022,-0.004027355819940567,-0.044154783546924585
1733705227316407600,9.513407470703125,0.01171001927703619,-0.015862608911842106,-0.06187982532978058
1733705227326373400,9.523373291015625,0.007047872684895992,-0.005827683240175247,-0.06596154168546199
1733705227336340500,9.533340576171875,0.025490122826397416,-0.0027184651784598825,-0.07081541145741939
1733705227346307300,9.543307373046876,0.020947218699753283,0.0031589024223387238,-0.03032499563694
1733705227356274400,9.5532744140625,0.04814209961742162,0.004458879105001688,-0.022051672810316083
1733705227366240300,9.563240234375,0.04325432757586241,-0.0006840367414057254,0.022771803778409958
1733705227376207400,9.573207275390626,0.041294133418798444,0.0066983285948634145,0.03507598955631256
1733705227386174500,9.583174560546874,0.07258125208616256,0.019203297641873358,0.03240355547666549
1733705227396141300,9.593141357421874,0.07229045244604348,0.0055858373083174226,0.025226795715093613
1733705227406107400,9.603107421875,0.04482259980589151,0.023793255780637262,-0.011581132200360297
1733705227416074200,9.61307421875,0.045263037049770354,0.0020997487582266328,-0.008868950632214545
1733705227426041300,9.623041259765625,0.028474691595137117,-0.003715075000375509,-0.010922960552573203
1733705227436007200,9.633007080078125,0.012604630029201506,0.015189385825395583,-0.015540098959207533
1733705227445974300,9.642974365234375,0.014768530064821242,0.016991320680826903,-0.02601063956916332
1733705227455941400,9.65294140625,0.0320437822535634,0.011845189964026212,-0.029061259311437604
1733705227465908200,9.662908203125,0.03045183688700199,0.014112988765537737,-0.026545477098226546
1733705227475874300,9.672874267578125,0.018958090709149836,0.016135872895270586,-0.007086158868670463
1733705227485841200,9.682841064453125,0.00485942272990942,0.02109597952067852,0.013467384338378905
1733705227495808300,9.692808349609376,0.02965630259513855,0.021192279502004384,0.032629765447974204
1733705227505775400,9.702775390625,0.03285480637550354,0.004385375477373599,0.054936874324083326
1733705227515741400,9.712741455078126,0.01490939984023571,-0.010130348870158195,0.049835751792788506
1733705227525708500,9.72270849609375,0.02702507730871439,-0.010917261464148759,0.0572732083171606
1733705227535675400,9.73267529296875,0.045154315978288645,-0.008792670525610446,-0.0016436755537986754
1733705227545642500,9.742642578125,0.02842763758301735,-0.020527970374375582,-0.024806524476408957
1733705227555608300,9.7526083984375,-0.00010755202770233153,-0.0072870882682502264,-0.07158347322046757
1733705227565575400,9.762575439453125,0.013593641066551207,-0.0013227730363607406,-0.08571896607875823
1733705227575542500,9.77254248046875,0.02310848838686943,0.023040683847665784,-0.06287000541090965
1733705227585509400,9.78250927734375,0.024644319652020928,0.027086013715714216,-0.03410334513187408
1733705227595475500,9.792475341796875,0.032282851706445216,0.026508359958231448,0.0013034838140010834
1733705227605442300,9.8024423828125,0.003170154468715191,0.03371536872759461,0.040378772139549254
1733705227615409400,9.812409423828125,-0.009681436058878898,0.024197598797827957,0.03707622346282005
1733705227625376500,9.82237646484375,-0.004776420621573925,0.008529927936196327,0.049070028117299075
1733705227635342300,9.83234228515625,-0.009344166928529738,0.004032470386475325,0.04085866461098194
1733705227645309400,9.842309326171875,0.026537586052715778,0.0010436638340353965,0.003932078751921654
1733705227655276300,9.8522763671875,0.03526362108290195,-0.03333805984780192,-0.030969723281264305
1733705227665243400,9.862243408203126,0.03137304338514805,-0.03434636010751128,-0.02776829689145088
1733705227675209200,9.872209228515626,0.035031858153641224,-0.024569208589196204,-0.016013561689853666
1733705227685176300,9.88217626953125,0.026270167288184165,0.016820494158565995,0.005646481454372406
1733705227695143400,9.892143310546874,0.026047756709158418,0.04353533647432923,0.02149403892755508
1733705227705110300,9.9021103515625,0.02084375832527876,0.03653977849856019,0.02294949843287468
1733705227715076400,9.912076416015625,0.003367722867429256,0.022638240526616574,0.03679214582443237
1733705227725043200,9.922043212890625,0.0026350246787071228,0.023524229580909013,0.05948270106017589
1733705227735010300,9.93201025390625,0.03799626091718673,0.023187691102921962,0.05964987432062625
1733705227744977400,9.941977294921875,0.03482143027335405,-0.006839198370277882,0.03999240317046642
1733705227754943500,9.951943603515625,0.012544132013618946,-0.0046263446263968945,0.010087678772211074
1733705227764910300,9.961910400390625,0.013472060513496397,-0.03642594286054372,-0.03461304821968078
1733705227774877200,9.971877197265625,0.00452478394806385,-0.020767039827257392,-0.07372574594616889
1733705227784844300,9.98184423828125,0.02528875503540039,0.0020222996078431603,-0.07291209147572517
1733705227794810400,9.991810302734375,0.07501140184253453,0.03049640668109059,-0.06942424935996531
1733705227804777500,10.001777587890626,0.08680851488113403,0.04635653137490153,-0.01625087757706642
1733705227814744600,10.01174462890625,0.0469233714774251,0.029647096375375985,0.028486089771986006
1733705227824711400,10.02171142578125,0.019528584073483943,0.004327361679822206,0.04986965406239032
1733705227834677500,10.031677490234374,0.00024520693272352215,-0.0054740474969148635,0.0191448454529047
1733705227844644400,10.041644287109374,0.010062836591899394,-0.01211129355430603,-0.01646130545735359
1733705227854611500,10.051611572265625,0.03998860377818346,-0.03230024123266339,-0.038629882645606996
1733705227864578300,10.061578369140625,0.041245325841009615,-0.007346563370525836,-0.06622048488259315
1733705227874544400,10.07154443359375,0.07284457919746637,0.0021336510278284547,-0.07979425220489501
1733705227884511500,10.081511474609375,0.05495353319793939,0.01039440663382411,-0.013420038065314293
1733705227894478300,10.091478271484375,0.010063421113789082,0.010318711049109697,0.04182429477274418
1733705227904445400,10.101445556640625,-0.018419161526858806,0.01916881085038185,0.039352936223149296
1733705227914411300,10.111411376953125,-0.025630992601811883,0.00868292654082179,0.03212240044772625
1733705227924378400,10.12137841796875,-0.011543430538475513,0.020119827964901922,0.006318681627511978
1733705227934345200,10.13134521484375,0.02381429856866598,0.01262362699061632,-0.029408465313911437
1733705227944312300,10.141312255859376,0.04021247566193342,-0.0006485270366072655,-0.04146890546381473
1733705227954278400,10.1512783203125,0.032164778284728524,-0.015622516545653341,-0.015002923342585562
1733705227964245200,10.161245361328126,0.013999006997048855,-0.002457330024242401,-0.006622048488259315
1733705227974212400,10.17121240234375,0.011903203761577606,-0.006503098283708095,0.019660393759608267
1733705227984179200,10.18117919921875,0.026748598454892632,0.011676555398851632,0.0233972422003746
1733705227994145300,10.191145263671874,0.05119213483780622,0.035895781506597994,0.018828034588694573
1733705228004112400,10.2011123046875,0.06647299833893776,0.04389335613176226,0.014201543831825255
1733705228014079200,10.211079345703125,0.0336734292820096,0.03763502638936043,-0.016039865174889565
1733705228024046300,10.22104638671875,-0.0018237082958221435,0.0021754443429410457,-0.02783843951821327
1733705228034012700,10.2310126953125,-0.027065701580047605,-0.011891513323783874,-0.02801496512889862
1733705228043979500,10.2409794921875,-0.03210311122536659,-0.01922492495179176,-0.02946925559043884
1733705228053946400,10.2509462890625,-0.007416413736343383,0.000334054259955883,-0.027681203129887578
1733705228063913500,10.26091357421875,0.027906536318361756,0.020999241147935388,0.004736380872130394
1733705228073879600,10.270879638671875,0.04406447491496801,0.029671792425215244,0.047643794706463814
1733705228083846400,10.280846435546875,0.04634001863151788,0.013875526747852564,0.06015256314575672
1733705228093813500,10.2908134765625,0.022265607821941376,0.003005611556768417,0.0547287845313549
1733705228103780600,10.300780517578126,0.030054946523904797,0.009293021263182162,0.05556406631171703
1733705228113746400,10.310746337890626,0.0322881124034524,0.003978402111679315,0.04365852446258068
1733705228123713500,10.320713623046874,0.002390402267873287,0.011418781245499849,0.02003331872522831
1733705228133680400,10.330680419921874,-0.004748655831813812,0.03878638838157058,0.0024427169770002365
1733705228143647500,10.3406474609375,-0.020052900208532808,0.001523702435940504,0.001830138036608696
1733705228153613300,10.35061328125,-0.03228928144723177,-0.015197861392796039,0.008245850297808647
1733705228163580400,10.360580322265625,-0.018396072912216184,-0.001796235767006874,-0.014967267507314681
1733705228173547500,10.370547607421875,0.008269815695285797,0.02217018462345004,-0.05043137959837913
1733705228183513300,10.380513427734375,0.028578151969611644,0.009058774115890265,-0.0588029021024704
1733705228193480400,10.39048046875,0.04444704449176788,0.025611411118507385,-0.042673020556569095
1733705228203447300,10.400447265625,0.0836859989464283,0.006266366918385028,-0.034629999354481696
1733705228213414400,10.410414306640625,0.09283493556380272,-0.006026566813141107,-0.02058744547665119
1733705228223380200,10.420380126953125,0.08729191448390483,-0.016950550279021263,-0.03131868284940719
1733705228233347300,10.430347412109375,0.08822714950740337,-0.04192702449485659,-0.06658698010742664
1733705228243314400,10.440314453125,0.07609510542601347,-0.029908231529593467,-0.08783961149454117
1733705228253281300,10.45028125,0.08541179982572794,-0.014071633841842412,-0.10944120244979857
1733705228263247600,10.46024755859375,0.0649792526498437,0.005720715734362602,-0.1014583870023489
1733705228273214500,10.47021435546875,0.04617050728350877,-0.017185089687258005,-0.06382686774432658
1733705228283181300,10.480181396484374,0.028464170201122758,-0.014011720348149537,-0.03196691762506962
1733705228293148400,10.4901484375,0.011914017416536807,-0.0186992936424911,0.009493220010399818
1733705228303114500,10.500114501953124,0.0035810733571648595,-0.001866816785186529,0.021268998000025748
1733705228313081600,10.51008154296875,0.014206804528832434,0.013652823907881974,0.03404489294290542
1733705228323048400,10.52004833984375,0.020618132875859736,0.012834054870903491,0.02620411631464958
1733705228333015600,10.530015625,0.022414076381921767,0.029571400790661572,-0.009493804532289504
1733705228342981400,10.5399814453125,0.011826046872138977,0.03336640915945172,-0.01433423030078411
1733705228352948500,10.549948486328125,0.014888649313151835,0.010773176818341015,-0.014362287351489067
1733705228362915600,10.55991552734375,0.013082768934965133,0.02034253080487251,-0.006095978787541389
1733705228372882400,10.56988232421875,0.013641571861505507,0.017895429913699627,0.06196691909134388
1733705228382848500,10.5798486328125,-0.00881692818403244,0.0009369885891675948,0.08901800762414931
1733705228392815400,10.5898154296875,-0.024082594116032124,-0.0025537761360406876,0.058121934100985526
1733705228402782500,10.599782470703126,-0.014293021507561206,-0.0004899754740297794,0.004459902018308639
1733705228412749600,10.60974951171875,0.0060644146054983136,0.016158961509913205,-0.022811551266908644
1733705228422715400,10.61971533203125,0.039326632738113404,0.05171981197372079,-0.0337538010418415
1733705228432682500,10.6296826171875,0.06004764146655798,0.06550853722095488,-0.02323357607126236
1733705228442649300,10.6396494140625,0.017248364181816578,0.03906885858476162,-0.004445288971066475
1733705228452616400,10.649616455078124,-0.025157529871165752,0.014089607889950275,0.016575287225842474
1733705228462582300,10.659582275390624,-0.030610242319107053,0.017217822913080452,0.008530512458086014
1733705228472549400,10.66954931640625,-0.007744038255512714,0.006025836160778999,-0.026352584874629974
1733705228482516500,10.6795166015625,0.00857464386075735,-0.008744885861128569,-0.03440495842695236
1733705228492483300,10.6894833984375,0.03580927226692438,-0.03385755367726087,-0.00865443109869957
1733705228502449400,10.699449462890625,0.05690992796272039,-0.07317161919474602,0.020667524975538254
1733705228512416300,10.709416259765625,0.054013329738378524,-0.06556362840905786,0.02383914074897766
1733705228522383400,10.71938330078125,0.06281418357044458,-0.050771571338176724,0.011386486411094665
1733705228532350500,10.7293505859375,0.06833616186231374,-0.01696530945673585,-0.016004209339618682
1733705228542316500,10.739316650390625,0.0887228240698576,0.02939385226666927,-0.05713701471686363
1733705228552283600,10.74928369140625,0.09497370115816593,0.044697658251971,-0.085389295732975
1733705228562250500,10.75925048828125,0.07226122635155915,0.043177901338785886,-0.05351999326348304
1733705228572217300,10.76921728515625,0.04490852452367544,0.055493631424009794,0.02703589096367359
1733705228582183400,10.779183349609376,0.025534254229068756,0.07894128863736986,0.07680559178292751
1733705228592150500,10.789150634765624,-0.016151801116764543,0.08763502883315086,0.09905366394817829
1733705228602117600,10.79911767578125,-0.04970423436760902,0.05534194799363613,0.08575812904536724
1733705228612084500,10.80908447265625,-0.0759820004403591,0.03431932597011327,0.07611059525609017
1733705228622050600,10.819050537109375,-0.06437222666740416,0.0361962257578969,0.047991000708937644
1733705228632017400,10.829017333984375,-0.020052315686643122,0.036411622074246405,0.03554302254617214
1733705228641984500,10.838984619140625,-0.0057239306047558785,0.01841156274229288,0.05616729290187358
1733705228651951600,10.84895166015625,-0.014250643670558928,0.00876373669207096,0.07881167090833187
1733705228661917400,10.85891748046875,-0.011635200475156307,-0.010091039773076772,0.05614274298250675
1733705228671884500,10.868884521484375,-0.007579203082621097,-0.03564429096356034,-0.003479658809304237
1733705228681851400,10.878851318359375,0.03439297572821379,-0.02913257098197937,-0.04124561810195446
1733705228691818500,10.888818603515626,0.04023848688602447,-0.02138473333418369,-0.1018809963285923
1733705228701784300,10.898784423828126,0.0632186727181077,-0.017389526218175886,-0.1364835231542587
1733705228711751400,10.90875146484375,0.09840893630385399,-0.017447247754782437,-0.12194354114830493
1733705228721718500,10.918718505859376,0.09372954631596803,-0.038503772047907114,-0.08973580050468444
1733705228731684400,10.928684326171876,0.07796440642923116,-0.04918327923342585,-0.0744143127322197
1733705228741651500,10.9386513671875,0.06032441258132457,-0.018594371963292358,-0.06967676281630993
1733705228751618300,10.948618408203124,0.05946487314254045,0.006011953765898943,-0.050754620203375816
1733705228761585400,10.95858544921875,0.07186755085885524,0.007726502598822117,-0.02996726824045181
1733705228771551500,10.968551513671875,0.03952624696344137,0.020961247225105763,0.00196457807123661
1733705228781518300,10.978518310546875,0.004341828596591949,0.0008582242645323276,0.038303134909272195
1733705228791485400,10.9884853515625,-0.002443301498889923,0.006352437766641378,0.0523106174737215
1733705228801452300,10.998452392578125,-0.02860445545464754,0.02574336693510413,0.0601402881860733
1733705228811418600,11.008418701171875,-0.013615852898359298,0.044711686777323484,0.05846037227511405
1733705228821385500,11.018385498046875,-0.03320990342348814,0.07525792394950985,0.04757482112348079
1733705228831352600,11.0283525390625,-0.06270721606463193,0.07437412685230374,0.04539455447494983
1733705228841319400,11.0383193359375,-0.06239625041931867,0.05136120779439807,0.054797758114337916
1733705228851285500,11.048285400390625,-0.052577451716363424,0.042092151928693054,0.06395546256005763
1733705228861252600,11.058252685546876,-0.02316343344449997,0.028175124126672745,0.0946785176038742
1733705228871219500,11.068219482421876,-0.0034770284608006477,0.018994477196782825,0.09918693493902683
1733705228881186600,11.0781865234375,0.002348608952760696,0.021313713924586773,0.06474047545790672
1733705228891152400,11.08815234375,-0.007269406481087207,-0.014472177466750145,0.002023614782094955
1733705228901119500,11.098119384765624,-0.012197218272089957,-0.012708236534148454,-0.03727145377397537
1733705228911086600,11.108086669921875,0.011720540671050548,0.006601736352592706,-0.05045768308341503
1733705228921053400,11.118053466796875,0.05170125340372324,0.007854512892663479,-0.039861470267176624
1733705228931019500,11.12801953125,0.07314502344876528,-0.00510536031499505,0.0022205986589193343
1733705228940986400,11.137986328125,0.04488017521202564,-0.00990267759412527,0.014364040917158125
1733705228950953500,11.147953369140625,0.03192015587389469,-0.024887626888602972,-0.01436170282959938
1733705228960920300,11.15792041015625,0.029477438896894453,-0.028422961407899856,-0.07101473342180252
1733705228970886400,11.167886474609375,0.029922552315890787,-0.02246770626530051,-0.09040800067782402
1733705228980853500,11.177853515625,0.046590194000303745,-0.005844926635921001,-0.10047171405255793
1733705228990819800,11.18781982421875,0.055607028670608995,0.007301847445964813,-0.0702051706045866
1733705229000787000,11.197786865234375,0.0429018608763814,0.0024190438404679297,-0.007758943563699722
1733705229010753000,11.2077529296875,0.03018266455680132,-0.018782441881299017,-0.01035012910068035
1733705229020720000,11.21772021484375,0.03260375422388315,-0.004168371725827455,-0.009352934756875037
1733705229030687000,11.22768701171875,0.021890929290652273,0.01799158376455307,-0.014587912800908088
1733705229040653800,11.23765380859375,0.03969283570200205,0.019656740497797726,-0.015002923342585562
1733705229050620000,11.247619873046874,0.026818741081655023,0.021812018835544584,-0.010041501542925834
1733705229060587000,11.2575869140625,0.015786474935710428,0.016678747600317,0.02094341930747032
1733705229070554000,11.26755419921875,0.006409867042303085,0.009195552238076925,0.07036299151480198
1733705229080521000,11.27752099609375,-0.0053916299104690545,-0.017235650830715894,0.09332476490736007
1733705229090487000,11.287487060546875,-0.0012228197932243347,-0.007125467965751886,0.04350128807425499
1733705229100454000,11.297453857421875,0.003249649445712566,0.017534779907763004,-0.0067430445194244385
1733705229110421000,11.3074208984375,-0.011822539740800856,0.0289613060683012,-0.05189794501960277
1733705229120388000,11.31738818359375,0.010180910013616085,0.03445698087513446,-0.06294365516901015
1733705229130354000,11.32735400390625,0.012160101132094859,0.033897593426704405,-0.0578571456849575
1733705229140321000,11.337321044921875,-0.00043459202498197556,0.01913330114558339,-0.033192660027742384
1733705229150288000,11.347287841796875,0.010516425578296185,0.01085442536100745,0.0022515783190727233
1733705229160254000,11.35725390625,0.027243103973567485,0.010916238550841808,0.038918051937222475
1733705229170220800,11.367220703125,0.030611703623831272,0.024255612595379353,0.04652969598472118
1733705229180188000,11.37718798828125,0.035218905158340925,0.008311755140870809,0.04782324292659759
1733705229190155000,11.387155029296874,0.03681786478757858,0.00793912243619561,0.04295651367306709
1733705229200120800,11.397120849609376,0.04638151968568563,-0.01480287072584033,0.0298544555157423
1733705229210088000,11.407087890625,0.04783551788628101,-0.024566724371165034,0.013010288220643996
1733705229220054800,11.4170546875,0.008474106095731258,-0.03773687932863831,-0.05745499462485313
1733705229230022000,11.42702197265625,0.007500584888458252,-0.016202362260222435,-0.09084931470453739
1733705229239988000,11.436988037109375,0.043810792414844035,-0.013576543801277876,-0.09554477904438972
1733705229249954800,11.446954833984375,0.06172872642129659,-0.0024384791933000087,-0.09317746539115905
1733705229259922000,11.456921875,0.05033697931319475,0.03746230017095804,-0.06258709681630134
1733705229269888800,11.466888671875,0.02447363926023245,0.033683366154134274,-0.018871873730421065
1733705229279855000,11.476855224609375,0.003937631709873676,0.024479776740074156,0.0143172791659832
1733705229289822000,11.486822021484375,-0.007446808874607086,-0.004711100300401449,0.01281973408460617
1733705229299789000,11.4967890625,-0.009965805958211421,0.0046529403723776334,-0.004439443752169609
1733705229309756200,11.506756103515626,-0.017370529256761073,0.003238105138391256,-0.02167933236658573
1733705229319722000,11.516721923828126,0.015074819535017013,-0.007352262458950281,-0.024036709147691727
1733705229329689000,11.526689208984376,0.02345131047517061,-0.019114158053696154,-0.0002069207489490509
1733705229339656000,11.536656005859374,0.014674714301526545,-0.026783085246384144,0.008235913425683975
1733705229349623000,11.546623046875,0.019610124877095222,-0.01583615929633379,0.016775193712115288
1733705229359588900,11.5565888671875,0.03409428504258394,0.012912234673649072,0.013484919995069502
1733705229369556000,11.566555908203124,0.025969430775940418,0.02562806999236345,0.007672434324026108
1733705229379523000,11.576523193359375,0.024239245982468127,0.05893427339717745,0.024624153646826744
1733705229389490000,11.586489990234375,0.026241817976534364,0.06903305808529257,0.04460369635820389
1733705229399456000,11.5964560546875,0.025463234819471835,0.047127661877870555,0.07659048772752285
1733705229409422800,11.6064228515625,-0.0024424247160553933,0.004979834239184856,0.059355275288224214
1733705229419390000,11.616389892578125,0.005833236198127269,-0.015165712688863277,0.033110242441296574
1733705229429357000,11.626357177734375,-0.0065574588194489474,-0.036649522483348844,-0.008798808005452156
1733705229439323000,11.636322998046875,0.00843260504156351,-0.011586831288784741,-0.02216682362258434
1733705229449290000,11.6462900390625,0.05934124676287174,0.005469371321797371,-0.020718962901830673
1733705229459256800,11.6562568359375,0.07631108626425266,0.014980273119360208,-0.032689386680722236
1733705229469223000,11.666222900390625,0.06493307542055844,0.005911854392290115,-0.045611412096023554
1733705229479189800,11.676189697265626,0.03823737619668245,-0.008551262985169887,-0.06466448761224747
1733705229489156900,11.686156982421876,0.019421032045781612,0.0014805939465761184,-0.07691723546385765
1733705229499124000,11.6961240234375,0.031876316732168196,0.014755524452775715,-0.05928513266146183
1733705229509090000,11.706090087890624,0.034328970581293104,0.007234627428650856,-0.03186404177248478
1733705229519057200,11.71605712890625,0.030306583197414874,0.010936258425563573,0.020903671818971632
1733705229529024000,11.72602392578125,0.010730360589921474,-0.015634353113919496,0.02813654568195343
1733705229538990800,11.735990966796875,0.0060576926037669175,-0.005561433519423007,0.030113983234763143
1733705229548957000,11.74595703125,0.0042807460591197015,-0.00784209180250764,0.018086860832571983
1733705229558924000,11.755924072265625,0.04876432316899299,-0.005418956308811903,-0.001726093140244484
1733705229568891100,11.76589111328125,0.041775487194955344,0.018362316773086786,-0.02551321144104004
1733705229578858000,11.77585791015625,0.009304419440031051,0.05386223082989454,-0.028546880048513412
1733705229588824000,11.785823974609375,0.005948387010395527,0.0295526960901916,-0.02961713962852955
1733705229598791000,11.795791015625,-0.021330080537497995,0.01888663290813565,0.010835282269120216
1733705229608758000,11.805758056640625,-0.02555062084197998,0.005882920558750629,0.04033610204160213
1733705229618724900,11.815724853515626,0.017387480391561985,0.0055893444396555424,0.06311316651701927
1733705229628691000,11.82569091796875,0.054852703171968456,0.009197451934218406,0.05765080945789813
1733705229638658000,11.835657958984376,0.058898763692378994,0.02295242104232311,0.0186567696750164
1733705229648625000,11.845625,0.04087912287712097,0.019322247846424577,-0.03432780153751373
1733705229658592000,11.855592041015624,-0.00929360578507185,-0.011646452521532773,-0.07689794624149798
1733705229668557800,11.865557861328124,-0.0072542089119553566,-0.019772768092900513,-0.09207505710721016
1733705229678525000,11.87552490234375,-0.011979483868181704,-0.024305443086475132,-0.07817804917991161
1733705229688491800,11.88549169921875,-0.0016007131949067116,-0.03037190351858735,-0.041566520619392394
1733705229698459000,11.895458984375,0.01799713672250509,-0.010443506472557783,-0.032686464071273805
1733705229708425000,11.905425048828125,0.01977759039849043,0.013887509446591138,0.013694763353466987
1733705229718391800,11.915391845703125,0.05426233606338501,0.03955488853603601,0.04430325210690498
1733705229728359000,11.92535888671875,0.04074205249398947,0.054031303786486386,0.07007014604806899
1733705229738325800,11.93532568359375,0.013141513384878635,0.04372384478375316,0.07559563147127628
1733705229748292000,11.9452919921875,-0.022730010463297364,0.028181115476042032,0.06323942324519156
1733705229758259000,11.955259033203125,-0.01565788011997938,0.008738602250814437,0.02337152323722839
1733705229768225800,11.965225830078126,-0.006194178465008735,0.005008475811779499,-0.0072784665703773494
1733705229778192100,11.975192138671876,0.003949322147667408,0.013956336899101734,-0.009326631271839142
1733705229788159000,11.985158935546876,0.0011135141998529433,0.0032677696242928503,-0.0009340659797191619
1733705229798126000,11.9951259765625,0.009588497078418731,0.0023491934746503827,-0.01646130545735359
1733705229808093000,12.005093017578124,0.0016176643297076225,-0.013370645965635775,-0.0393920991897583
1733705229818059000,12.01505908203125,0.014362871873378752,-0.0013978840991854668,-0.019708909076452254
1733705229828026000,12.025026123046874,0.022157179011404512,-0.002661328163743019,0.02907411879301071
1733705229837993000,12.034992919921875,0.040836160518229005,-0.0020987258449196816,0.045699090379476545
1733705229847960000,12.0449599609375,0.019902678082883356,-0.00504676199555397,0.04224982670843601
1733705229857926000,12.05492578125,-0.002161269687116146,-0.011280834079533815,-0.0014484452426433562
1733705229867893000,12.06489306640625,0.0009764438167214393,-0.007314853058010339,-0.04312777858674526
1733705229877859800,12.07485986328125,-0.005713993732631206,0.030674539726972577,-0.06271452258825302
1733705229887827000,12.084826904296875,0.004044599215686321,0.03442717025876045,-0.061194765675067896
1733705229897793000,12.09479296875,0.03369622563570738,0.024445143818110224,-0.06303542510569095
1733705229907759900,12.104759765625,0.021727555422484873,0.028317893598228693,-0.014761515802145003
1733705229917727000,12.11472705078125,0.012432780593633652,0.007521189285069703,0.03559446047246456
1733705229927693800,12.12469384765625,0.006893851166963577,0.005866992337256669,0.0593996989518404
1733705229937660000,12.134659912109376,0.029505203686654567,0.006447714834660292,0.07775251724421978
1733705229947626800,12.144626708984376,0.03724485802799463,-0.006223112298548221,0.07309621587097645
1733705229957593900,12.15459375,0.02160129869431257,-0.0021057401075959205,0.05726853214204311
1733705229967561000,12.16456103515625,-0.012559914104640484,-0.003513999470323324,0.017099603360891343
1733705229977526800,12.17452685546875,-0.026191256833076475,-0.000898117883503437,-0.02485036361813545
1733705229987494000,12.184493896484375,0.009328969359397888,0.0393036902539432,-0.041267829933762545
1733705229997461800,12.194461669921875,0.0224561619579792,0.03126023066043854,-0.031410452786087985
1733705230007428900,12.204428955078125,0.00032762451916933057,0.004384206433594226,-0.025518472138047216
1733705230017394700,12.214394775390625,0.02086889276653528,-0.01032689435556531,-0.018505378505587578
1733705230027361800,12.22436181640625,0.04640986899733543,0.007348024675250053,-0.020741174733638762
1733705230037328600,12.23432861328125,0.04376227709800005,0.007224690556526183,-0.026685762351751324
1733705230047295000,12.244294921875,0.03986994583457708,0.0056615328930318355,-0.027180852392315862
1733705230057261800,12.25426171875,0.04962941556572914,-0.005901040737330913,-0.013096212938427925
1733705230067228700,12.264228759765626,0.035864801846444604,0.00020107553005218505,0.004509586378931999
1733705230077195800,12.27419580078125,0.02239478715956211,0.009585428338497877,-0.01470890883207321
1733705230087161900,12.284161865234376,0.015776245802640913,-0.007585486692935228,-0.06466974830925465
1733705230097129000,12.29412890625,0.0045215690776705736,-0.012310469388216734,-0.062079731816053384
1733705230107095800,12.304095703125,-0.015233224967122077,0.01492357449606061,-0.05243336707055568
1733705230117063000,12.31406298828125,-0.005939034660160541,-0.002427227146923542,-0.03934358387291431
1733705230127028700,12.32402880859375,0.01986293059438467,-0.013295827163755892,0.02073825212419033
1733705230136995800,12.333995849609375,0.02803542339503765,-0.019635113187879322,0.06402735875248909
1733705230146963000,12.343962890625,0.025180910746753216,-0.009206804284453392,0.06045768357217311
1733705230156929800,12.3539296875,0.025957448077201843,0.02330050382763147,0.03789981480538845
1733705230166895900,12.363895751953125,0.014494681559503078,0.051729748845845455,0.006611527094244956
1733705230176862700,12.37386279296875,-0.005685352160036563,0.03291998056620359,-0.02453355275392532
1733705230186829800,12.383829833984375,-0.0011178981140255928,0.03130596949830651,0.011154431220889091
1733705230196797000,12.393796875,0.011606558902561664,0.015507950255274771,0.028585458493232727
1733705230206762800,12.4037626953125,0.017820026589930055,-0.01075841764062643,0.014956746113300322
1733705230216729900,12.413729736328126,0.014868191047012804,-0.021754735690355298,-0.0054202714830636975
1733705230226696700,12.42369677734375,0.021749182732403276,-0.014811346293240785,-0.013274492114782332
1733705230236663800,12.433663818359374,0.02136865898221731,0.011534662710130214,-0.00360240840613842
1733705230246629600,12.443629638671876,0.036136312264204024,0.006164952370524406,0.000730067840218544
1733705230256596700,12.4535966796875,0.010352467188239097,0.01355301679521799,-0.00027706337571144104
1733705230266563800,12.463563720703124,0.009858253930509089,0.018962620753794908,-0.008311316749453544
1733705230276529700,12.47352978515625,0.01631897437721491,0.030404490613937376,0.0018085107266902923
1733705230286496800,12.483496826171875,0.008670213189721106,0.014613047242164612,-0.017470190238952635
1733705230296463600,12.493463623046875,0.035303660832345485,0.025899434279650448,-0.03247369810342789
1733705230306430700,12.5034306640625,0.047721536117792125,-0.002069499750435352,-0.01419043791592121
1733705230316396800,12.513396728515625,0.03853752818703651,-0.037151480656117196,-0.039711248141527176
1733705230326364000,12.523364013671875,0.007205109073221683,-0.030073212832957504,-0.05564706842005253
1733705230336331000,12.5333310546875,0.016204115825891492,-0.008455109134316444,-0.06487316192686557
1733705230346297900,12.5432978515625,0.01790478226393461,-0.005780336967110633,-0.06805939074754715
1733705230356264000,12.553263916015625,0.022665128533542155,0.006065729779750108,-0.045233226433396334
1733705230366230800,12.563230712890626,0.025927345199882983,0.029813831244409082,-0.016776947277784348
1733705230376198000,12.573197998046876,0.03547112635374069,0.014248597843945025,0.027680034086108207
1733705230386165000,12.5831650390625,0.0025528993532061574,0.0007872048549354076,0.06032265901565551
1733705230396130800,12.593130859375,-0.017164193029701708,-0.00599485650062561,0.06706511901319026
1733705230406098000,12.603097900390624,-0.009003975188732147,-0.0015003215603530407,0.054708910787105554
1733705230416064800,12.613064697265624,0.009804477916657924,-0.024090192900598047,0.004164133942127227
1733705230426031900,12.623031982421875,0.01369505561441183,-0.00993643373325467,-0.06457914741635322
1733705230435997700,12.632997802734375,0.009348843103647232,0.00815481101348996,-0.06496668542921542
1733705230445964800,12.64296484375,0.04052577939480543,0.020174042370170352,-0.05088672215044498
1733705230455932000,12.652931884765625,0.04692161791175604,0.024550357758253812,-0.021164953103661534
1733705230465898800,12.662898681640625,0.031384733822941775,0.01988704212233424,-0.014279869765043259
1733705230475864800,12.67286474609375,0.001059153664112091,0.002704290522634983,0.013792963030934333
1733705230485831700,12.682831787109375,-0.008984101444482803,0.018816636411845684,-0.028080431580543515
1733705230495798800,12.692798828125,-0.010748188507556915,0.007446516613662243,-0.04101180934607982
1733705230505764600,12.7027646484375,0.013122808684408663,0.01223199732452631,-0.02208674412369728
1733705230515731700,12.712731689453125,0.03854600375443697,0.011593114899098872,0.029006314253807067
1733705230525698800,12.72269873046875,0.04319616764783859,0.015279109935462474,0.07276245387196541
1733705230535665700,12.732665771484376,0.0440387559518218,0.0021085165865719316,0.07364215931594371
1733705230545632000,12.742632080078126,0.002590601015090942,-0.008859452151507139,0.052200142836570734
1733705230555598800,12.752598876953124,-0.016174012948572635,-0.0004243628919124603,-0.017734394133090973
1733705230565566000,12.76256591796875,0.011727554933726786,0.007311199796199798,-0.04165595246851444
1733705230575532800,12.77253271484375,0.053720776532590386,0.004945347447693348,-0.06493044507205487
1733705230585499000,12.782498779296875,0.05076251124888658,0.029704233390092847,-0.03877659763991832
1733705230595466000,12.792466064453125,0.02916208933740854,0.03169277685880661,0.010320318484306335
1733705230605432800,12.802432861328125,0.010351590405404567,0.013576397670805453,0.02085983267724514
1733705230615400000,12.81239990234375,-0.009727321027219295,-0.00042670097947120663,0.005837035590410232
1733705230625365800,12.82236572265625,-0.009991817182302474,-0.028712445873767135,-0.02081833162307739
1733705230635332900,12.832332763671875,-0.012325520826876163,-0.014385229835659265,-0.04468552942276001
1733705230645300000,12.842300048828125,0.010743804593384264,-0.012993044824898242,-0.05107902985215187
1733705230655266800,12.852266845703125,0.034689328326284886,-0.00048486090749502177,-0.024686697489023208
1733705230665233000,12.86223291015625,0.02632189747542143,-0.00855856950879097,-0.03064998980760574
1733705230675199700,12.87219970703125,0.016030220563709736,-0.006063683953136206,-0.032794016098976135
1733705230685166800,12.882166748046876,-0.014651041164994239,-0.00750219232365489,-0.017901567393541335
1733705230695134000,12.892134033203124,-0.0008729834422469138,0.009151128574460744,-0.01042377885878086
1733705230705099800,12.902099853515624,0.028046237049996852,0.011842267354577779,0.012189619487524032
1733705230715067000,12.91206689453125,0.01711743127852678,0.0031838907331228255,0.025166005438566206
1733705230725033700,12.92203369140625,-0.0028431144714355467,-0.01091463111564517,0.03609714929759502
1733705230734999800,12.931999755859374,-0.00995060838907957,-0.007408668821305036,0.01847030719220638
1733705230744966700,12.941966552734375,-0.019028817857801913,0.001874707830697298,-0.007384849554300308
1733705230754933800,12.951933837890625,-0.0014259411498904228,0.017838439029455182,-0.01774140839576721
1733705230764900900,12.96190087890625,0.007422551216185093,0.010171265402436255,0.014034370571374893
1733705230774867000,12.971866943359375,0.000045300446450710294,0.02593786659389734,0.03601473171114921
1733705230784833800,12.981833740234375,-0.007009586501121521,0.007665127800405025,0.033985271710157396
1733705230794800600,12.991800537109375,0.0030497429594397545,-0.013550094185769556,0.020742343777418137
1733705230804767700,13.001767822265625,0.02058539965003729,0.009668722707778216,0.0028600656062364575
1733705230814733800,13.01173388671875,0.011432955901324749,0.006159545543044805,-0.015916531056165695
1733705230824701000,13.021700927734376,0.006980068145692348,-0.0027205110050737857,-0.036731940069794654
1733705230834668000,13.03166796875,-0.012062193715572357,-0.016771540450304746,-0.056680503121018404
1733705230844635000,13.041634765625,-0.02265752974897623,-0.012607844899594782,-0.09926467635035514
1733705230854601000,13.05160107421875,0.026836568999290464,-0.0017670096725225448,-0.09591828853189945
1733705230864567800,13.06156787109375,0.047074178124964235,0.01823854426294565,-0.06674012484252452
1733705230874535000,13.071534912109374,0.06733370682150125,-0.025803426559269427,-0.044428924313187595
1733705230884502000,13.081501953125,0.07627338460236788,-0.06714855951294303,-0.012310030996799469
1733705230894467800,13.0914677734375,0.07921177614182233,-0.07623071450442075,0.005850479593873023
1733705230904435000,13.10143505859375,0.10034458054155111,-0.05066767257228493,-0.010872107148170471
1733705230914401800,13.11140185546875,0.11129618266671895,0.030214667130261656,-0.02961830867230892
1733705230924369000,13.121368896484375,0.0962906289756298,0.08339549156725407,-0.03081833211183548
1733705230934334700,13.131334716796875,0.04395487706065178,0.1301477442614734,-0.009956161347031593
1733705230944301800,13.1413017578125,-0.010418518161773681,0.13560878614634275,0.035272973433136935
1733705230954269000,13.15126904296875,-0.06149141053408384,0.11236527320295571,0.09341419675648212
1733705230964234800,13.16123486328125,-0.11837941892594098,0.059268035396188495,0.13297931442558764
1733705230974201900,13.171201904296876,-0.13500731312185524,0.008337327973544598,0.14579144972562788
1733705230984168700,13.181168701171876,-0.12270020473450421,0.0087761577822268,0.11827917342185973
1733705230994135300,13.19113525390625,-0.08129296633005141,-0.020268881046772002,0.09984218397736548
1733705231004101400,13.201101318359376,-0.020251345390081405,-0.014728928706794975,0.08878010721504688
1733705231014068500,13.211068359375,0.04879354926347732,0.014178601347655057,0.08465805884897708
1733705231024035300,13.221035400390624,0.07293839496076107,0.027793431332707404,0.07294833183288574
1733705231034002400,13.23100244140625,0.0702943101927638,-0.015528993043303489,-0.010157821398973465
1733705231043968300,13.24096826171875,0.026512451611459254,-0.04634454867616296,-0.1055494557082653
1733705231053935400,13.250935302734375,0.008387889117002487,-0.05339066779538989,-0.20466157184541225
1733705231063902500,13.26090234375,0.03783054896146059,-0.06458762298375367,-0.25587796434164045
1733705231073869300,13.270869384765625,0.10849866090267896,-0.04963189978376031,-0.2308493215471506
1733705231083835400,13.28083544921875,0.1370917181804776,-0.02311111873537302,-0.16726386134326457
1733705231093802200,13.29080224609375,0.0946589361205697,-0.013223492579907178,-0.10113806900680064
1733705231103769300,13.300769287109375,0.05419891543835401,-0.004133884934335947,-0.008853753063082694
1733705231113736400,13.310736328125,0.030746728180348872,-0.0019264380179345607,0.06319090792834758
1733705231123702300,13.320702392578125,0.023629005129635332,0.005665186154842377,0.0726361971437931
1733705231133669400,13.33066943359375,-0.013104103983938693,0.007960749746114016,0.051796238210797305
1733705231143636200,13.34063623046875,-0.03864186534434557,0.026646745515614745,0.031147417935729026
1733705231153603300,13.350603271484376,-0.034570670382678505,0.0387244290612638,0.03447217844426632
1733705231163569200,13.360569091796876,-0.05478168376237154,0.05777239001095295,0.07815583734810352
1733705231173536300,13.370536376953124,-0.045616380532085894,0.03824541337266564,0.10599953756332396
1733705231183503400,13.38050341796875,-0.05327361728698015,0.02442439329102635,0.12361468923091888
1733705231193469200,13.39046923828125,-0.06288841785043478,0.0012286650121212004,0.10020984824597835
1733705231203436300,13.400436279296875,-0.04304185386896133,0.039221126537024975,0.05727145475149154
1733705231213403100,13.410403076171875,-0.017709844213724135,0.04955678872093558,0.017690554991364477
1733705231223370200,13.420370361328125,0.02752572030723095,0.046228813342005015,-0.012431611549854277
1733705231233336300,13.43033642578125,0.03641746729314327,0.022438772431761025,-0.016335633251070975
1733705231243303400,13.440303466796875,-0.005321195022761822,-0.0032671851024031638,-0.007234042906761169
1733705231253270300,13.450270263671875,-0.026572072844207286,-0.03636515258401632,-0.03313829949200153
1733705231263237000,13.460237060546875,-0.023883272151648996,-0.02481032386869192,-0.06294774682223797
1733705231273203500,13.470203369140625,0.016621756716072557,-0.01779445375725627,-0.07938157975077628
1733705231283170300,13.48017041015625,0.0677607000619173,0.001519172391295433,-0.05950491289198398
1733705231293137400,13.490137451171876,0.08368219955414533,0.010686375317722558,-0.011631401082873343
1733705231303104500,13.5001044921875,0.06836772604435681,-0.0014810323379933832,0.014451719200611113
1733705231313070300,13.5100703125,0.02514145551919937,-0.020676000542938708,0.04080255050957202
1733705231323037400,13.520037353515624,-0.0017018354818224906,-0.019404373171925542,0.019995909324288366
1733705231333004300,13.53000439453125,0.008096797215938568,-0.008416822950541972,-0.009922843599319458
1733705231342971400,13.539971435546875,0.01794569879621267,-0.016577917574346065,-0.019565116691589356
1733705231352937200,13.549937255859374,0.03826104933321476,-0.00501125229075551,-0.03982873704135418
1733705231362904300,13.559904296875,0.042863866953551766,-0.00013356325179338455,-0.06636836892068386
1733705231372871400,13.569871337890625,0.03944295259416103,0.019837942283600567,-0.048663200882077214
1733705231382838300,13.57983837890625,0.014700433264672755,0.016660335160791875,-0.02336509349644184
1733705231392804400,13.589804443359375,0.010809563305974006,-0.01254457040503621,-0.004277531188726425
1733705231402771200,13.599771240234375,0.018162556417286396,-0.014391659576445818,-0.02177811656594276
1733705231412738300,13.60973828125,0.011982406477630138,0.011906418631970882,-0.006201192727684974
1733705231422704000,13.6197041015625,0.003994622594118118,0.016960633281618356,-0.021382395246624945
1733705231432671200,13.629671142578125,0.016974807937443256,0.025018705922365186,0.006514496460556984
1733705231442638300,13.639638427734376,0.034142215837538244,0.01884396281018853,0.0017950667232275008
1733705231452605200,13.649605224609376,0.009823474878072738,0.01494490954503417,0.019833412238955496
1733705231462571300,13.6595712890625,-0.012577742022275924,0.02242518229782581,0.06279051043391227
1733705231472538000,13.6695380859375,-0.005700549729168415,0.010122165563702584,0.06087970837652683
1733705231482505200,13.679505126953124,-0.0024850948140025136,0.019864976420998572,0.020696166548132895
1733705231492472300,13.689472412109374,0.014365794482827186,0.018224515737593174,-0.00483282698392868
1733705231502438400,13.6994384765625,0.009535597847402094,0.02255611520111561,-0.013685411003232001
1733705231512405500,13.709405517578125,0.00996931308954954,0.0160806355766952,-0.01198795943558216
1733705231522372400,13.719372314453125,0.03989917192906141,0.005232932217419147,-0.00552431637942791
1733705231532339500,13.72933935546875,0.04360416392683983,-0.0337517552152276,0.015012860214710235
1733705231542305300,13.73930517578125,0.02324614329189062,-0.02724003523364663,0.035467034700512885
1733705231552272400,13.7492724609375,0.012847791135311126,-0.025559973192214966,0.016180734950304032
1733705231562239500,13.759239501953125,0.031444939577579496,-0.017476327718794343,-0.029216742134094236
1733705231572206300,13.769206298828125,0.05683510916084051,-0.0065332011610269546,-0.05772329017221927
1733705231582172400,13.77917236328125,0.04221066374182701,0.0014437690675258635,-0.07771043166816234
1733705231592139300,13.78913916015625,0.03453559906929731,0.010173165098577738,-0.060678048324584954
1733705231602106400,13.7991064453125,0.007500584888458252,0.011084873116016388,-0.0542494765818119
1733705231612072200,13.809072265625,-0.027384850531816482,0.008403671208024025,-0.048501872840523715
1733705231622039300,13.819039306640626,-0.007075345213711262,0.009138853614777327,-0.027452655071020123
1733705231632006400,13.82900634765625,0.023142098395526407,0.03724076637476682,-0.018452771535515784
1733705231641973200,13.83897314453125,0.008247603863477707,0.043746933398395776,0.019561609560251235
1733705231651939300,13.848939208984374,-0.008309563183784485,0.019663170238584278,0.05079378316998481
1733705231661906200,13.85890625,-0.005107844533026218,-0.018597148442268372,0.08257306926846504
1733705231671873300,13.868873291015625,-0.04589987364858389,-0.0301845642529428,0.08488193073272704
1733705231681840400,13.87884033203125,-0.01442746154218912,-0.05130830856338143,0.04830722705125808
1733705231691806200,13.88880615234375,0.037215339672565455,-0.015123042590916156,-0.013602408894896506
1733705231701773300,13.898773193359375,0.027387773141264914,0.031230712305009362,-0.024954408514499662
1733705231711740200,13.908740234375,0.020157529626786706,0.06194616856426,-0.010380524238944052
1733705231721707300,13.918707275390625,0.01602437534481287,0.03625409342497587,0.01103811136484146
1733705231731673300,13.92867333984375,-0.032037644773721695,0.03096504710614681,0.01716097815930843
1733705231741640400,13.938640380859376,-0.018257248963415622,0.004609685752540826,0.03134790894389152
1733705231751607300,13.948607177734376,0.0015966215416789054,-0.00597352145165205,0.020206921726465224
1733705231761574100,13.95857421875,0.012400339628756045,-0.017845453292131424,-0.00528290883898735
1733705231771540500,13.96854052734375,0.03100917850881815,-0.027211101400107143,-0.021042203506827353
1733705231781507300,13.97850732421875,0.03952449339777231,-0.00612535101249814,-0.03488952707350254
1733705231791474400,13.988474365234374,0.06110562608689069,0.013628273988515138,-0.008000935626029968
1733705231801441500,13.998441650390625,0.06773527335971594,0.02635433844029903,-0.00815466488301754
1733705231811407400,14.008407470703125,0.04533581002503633,0.009264818082004784,-0.014098667979240417
1733705231821374500,14.01837451171875,0.034809447574615474,0.00015869769304990768,-0.02542202602624893
1733705231831341300,14.02834130859375,0.02324965042322874,0.0037323183961212635,-0.02995557780265808
1733705231841307400,14.038307373046875,0.016492869639396668,0.0025815409258008,-0.054122050809860225
1733705231851274200,14.048274169921875,0.04675882856547832,-0.0067069502927362915,-0.04228255993425846
1733705231861241300,14.058241455078125,0.023462416391074655,0.000667670128494501,-0.044370472124218935
1733705231871208400,14.06820849609375,0.017452362321317194,0.006218728384375572,-0.029535306563973424
1733705231881174300,14.07817431640625,0.005888765777647495,-0.015707272219657897,-0.014907061752676963
1733705231891141400,14.088141357421875,0.00004646949023008346,-0.014435644848644732,-0.023760814815759656
1733705231901108200,14.098108154296876,0.019318448454141615,0.0011385025106370448,-0.0011626140385866165
1733705231911075300,14.108075439453126,0.02549567578434944,0.005762655179947614,0.004884264910221099
1733705231921041200,14.118041259765626,0.021620003394782542,0.0099035543769598,-0.00006137479841709136
1733705231931008300,14.12800830078125,0.004249474138021469,0.006428133351355791,-0.0063958385169506065
1733705231940975400,14.137975341796874,-0.012984276996552944,-0.013415069629251956,0.007744915038347244
1733705231950942200,14.147942138671874,0.006939736135303974,-0.005670300721377134,-0.004785480710864067
1733705231960908300,14.157908203125,0.022485095791518687,-0.006545768381655216,-0.018539865297079086
1733705231970875100,14.167875244140625,0.015256021320819853,0.010056114590168,-0.030685061120986935
1733705231980842200,14.17784228515625,0.00035071313381195067,0.03047068771794438,-0.004117372190952301
1733705231990809000,14.18780908203125,-0.011039280408620834,0.01367649704441428,0.014627660289406775
1733705232000775200,14.197775146484375,-0.026557752057909965,0.004065495873242617,0.022431027516722678
1733705232010742000,14.207741943359375,-0.02271715098172426,0.0071478259280323975,0.001419219148159027
1733705232020709000,14.217709228515625,-0.044293022973835465,0.025030834751576185,-0.02659574598073959
1733705232030675200,14.22767529296875,-0.015273849238455295,0.01158230124413967,-0.012024784314632416
1733705232040642000,14.23764208984375,0.0021174305453896523,0.014435352587699889,0.0033469723403453827
1733705232050609200,14.247609130859376,-0.0005561725780367851,0.013679711914807557,0.022104864302277562
1733705232060576000,14.257575927734376,0.0003498363509774208,0.021485855621099472,0.0473784217685461
1733705232070542000,14.2675419921875,0.010051146154105663,0.006788783357292413,0.06736731683015823
1733705232080509000,14.277509033203126,0.03767711196541786,0.02108925751894712,0.06367489205300808
1733705232090476000,14.28747607421875,0.03169131555408239,0.009879881240427494,0.026033435922861097
1733705232100443100,14.297443115234374,0.027092297326028345,-0.0010009937360882758,-0.03569090658426285
1733705232110409000,14.307408935546874,-0.0036237434551119802,-0.0044407589264214035,-0.0667979925096035
1733705232120376000,14.3173759765625,-0.001248246495425701,-0.0033481413841247557,-0.08776888434588909
1733705232130343000,14.327343017578125,0.006743336780369281,-0.011099193902313708,-0.09593231705725193
1733705232140310000,14.33731005859375,0.012434241898357868,-0.010752572421729565,-0.07591010424792766
1733705232150276000,14.347276123046875,0.010033902758359909,0.004891863694787025,-0.028588965624570844
1733705232160243000,14.357242919921875,0.02875730792880058,0.003058072396367788,0.017409399962425232
1733705232170210000,14.3672099609375,0.051126668386161325,0.012348024919629096,0.009583236381411552
1733705232180177000,14.377177001953125,0.01186550209969282,0.0011480009913444518,0.017283727756142616
1733705232190143200,14.387143310546875,-0.0011798574343323707,0.006486001018434762,0.01139583876132965
1733705232200110000,14.397110107421875,0.009099544517695903,-0.0009834580793976783,0.006890344035625457
1733705232210077000,14.407076904296876,-0.001479132641851902,-0.0023068156376481056,-0.01127425820827484
1733705232220043300,14.417043212890626,0.013824234952032565,0.004157996462285519,-0.0058364510685205455
1733705232230010000,14.427010009765626,0.03649725453108549,0.012648907562345265,-0.0013034838140010834
1733705232239977200,14.436977294921874,0.0358998731598258,0.012577303630858658,0.006501052457094192
1733705232249944000,14.446944091796874,0.020399521689116955,0.005179740725457668,0.0003314239114522934
1733705232259910100,14.45691015625,0.008433774085342884,0.014192337612062692,-0.007883446726202965
1733705232269877000,14.466876953125,0.0025856325790286063,-0.0022308277919888494,0.004471592456102371
1733705232279844000,14.476843994140625,0.014527414785325526,0.011580693808943032,0.0020054946035146714
1733705232289811200,14.486811279296875,0.03182575558871031,-0.009072802641242743,-0.009644026657938957
1733705232299777000,14.496777099609375,0.017948036883771418,-0.027432050674408674,-0.013572598278522491
1733705232309744000,14.506744140625,0.010162497574090957,-0.025695290009677407,-0.03377776643931865
1733705232319711000,14.5167109375,0.012270575769245624,-0.013307225340604781,-0.024016250881552695
1733705232329678000,14.526677978515625,-0.0040241409495472905,0.0036952012561261654,-0.02474748776555061
1733705232339644000,14.536643798828125,-0.009033493544161319,0.032879502425342794,-0.021273089653253554
1733705232349611000,14.546611083984375,-0.011834522439539431,0.0332191096432507,-0.004615969362854957
1733705232359578000,14.556578125,-0.02071253316104412,0.035773762562125916,-0.0030868600994348526
1733705232369545000,14.566544921875,-0.01516863529831171,0.027985300642997025,-0.00866787510216236
1733705232379511000,14.576510986328126,-0.017234043395519257,0.012065554716438054,-0.026402269235253333
1733705232389478000,14.586477783203126,-0.01478431215584278,0.015257921016961336,-0.03910392989814281
1733705232399445000,14.596445068359374,0.006015607027709484,0.0260692378886044,-0.030555297261476516
1733705232409411000,14.6064111328125,0.038973873777687545,0.0424199225783348,0.009194529324769973
1733705232419378000,14.6163779296875,0.031162615504860876,0.03280307618826628,0.0477402408182621
1733705232429345000,14.626344970703125,0.011952595861256122,0.012711889795958995,0.07634615757763386
1733705232439312000,14.636311767578125,0.0007210077509284019,-0.008200695981830358,0.0687543872743845
1733705232449278200,14.6462783203125,0.003585165010392666,-0.008824673099070786,0.01167816283404827
1733705232459245000,14.6562451171875,0.0019546411991119383,-0.01752659660130739,-0.032228783431649206
1733705232469212200,14.666212158203125,-0.0015232640445232391,-0.0025042379058897494,-0.02080664118528366
1733705232479179300,14.67617919921875,0.013284721247851848,0.038171032962203026,0.047186698588728905
1733705232489145000,14.68614501953125,-0.006393792690336704,0.017781009753793476,0.1160673425912857
1733705232499112200,14.6961123046875,-0.060196110026538366,-0.02211260921731591,0.1769447128802538
1733705232509079000,14.7060791015625,-0.09917612128406762,-0.030233956352621313,0.18340777141451833
1733705232519046100,14.716046142578126,-0.11486351975947617,-0.01321662444770336,0.14447685999572277
1733705232529012000,14.726011962890626,-0.10445026229470968,0.02291223516240716,0.09243687615692615
1733705232538979000,14.73597900390625,-0.07803922523111105,0.05739508113116026,0.038544542449712754
1733705232548946200,14.7459462890625,-0.061276306478679175,0.050279842298477886,-0.04824702129662037
1733705232558913000,14.7559130859375,-0.09932283627837896,-0.008397241467237472,-0.10128887565433979
1733705232568879000,14.765879150390624,-0.09861731835752725,-0.057940878445655104,-0.09406476961970328
1733705232578846000,14.775845947265625,-0.07375994047671557,-0.06343056190311909,-0.041410453274846076
1733705232588813000,14.78581298828125,-0.06722001731395721,-0.044048692823946474,-0.002846621602773666
1733705232598779000,14.79577880859375,-0.05793693292289972,-0.030292408541589974,0.0525982022434473
1733705232608746000,14.80574609375,-0.045289048273861404,-0.007484218275547027,0.10851765786409377
1733705232618713000,14.815713134765625,-0.02376899812221527,0.02225713225454092,0.12480652936398982
1733705232628680000,14.825679931640625,-0.005083002352714539,0.004599748880416155,0.07789747867286205
1733705232638646000,14.83564599609375,0.026626433379948137,0.00905760507211089,0.03593406769037247
1733705232648612900,14.84561279296875,0.04525251565575599,-0.0057521337859332555,-0.0168225399851799
1733705232658580000,14.855580078125,0.07243950552791356,-0.006913140389323234,-0.06809913823604584
1733705232668547000,14.865547119140626,0.1251797465905547,0.008503186059743165,-0.12224398539960384
1733705232678513200,14.87551318359375,0.1164811840891838,0.02552402509599924,-0.1795060878008604
1733705232688480300,14.885480224609376,0.12158727505654096,0.032963965838402505,-0.19364158065915107
1733705232698447000,14.895447021484374,0.13371902687698603,0.009115911130607128,-0.21731004101634024
1733705232708414000,14.9054140625,0.17645166866630316,0.005984627367556095,-0.2352683070331812
1733705232718380000,14.915380126953124,0.14469342535585164,-0.027059417969733476,-0.2234989587843418
1733705232728347100,14.92534716796875,0.15262217252850532,-0.04033274104073643,-0.20440847386717795
1733705232738314200,14.935314208984375,0.14599252525568007,-0.05234495813474059,-0.20279694701731205
1733705232748281000,14.945281005859375,0.14173106841892003,-0.050407560331374404,-0.16082476820647715
1733705232758247200,14.9552470703125,0.10777765315175056,-0.042852030385285615,-0.11427753656506538
1733705232768214000,14.965214111328125,0.09851999546289443,-0.03157718765512109,-0.050802550998330115
1733705232778181000,14.97518115234375,0.08090688962191343,-0.019020926812291145,0.008616437175869941
1733705232788147000,14.98514697265625,0.03414572296887636,-0.0015725100137293337,0.031332711374759674
1733705232798114000,14.995114013671875,0.01976706900447607,0.0060341655977070325,0.05276712906956672
1733705232808081200,15.0050810546875,0.002355330954492092,0.02048164701461792,0.04465454976260662
1733705232818048000,15.015048095703126,0.0002329319730401039,0.018900076911598444,0.03658288698792457
1733705232828014000,15.02501416015625,0.008749415905773638,0.03532411909848451,0.025861586487293243
1733705232837981000,15.03498095703125,0.015436346323788165,0.05037088158279657,0.006136310797929764
1733705232847948000,15.044947998046876,0.022401216900348662,0.06166209092587232,0.030246085181832312
1733705232857915100,15.0549150390625,0.013635434381663798,0.06039397068619728,0.03238894242942333
1733705232867881000,15.064880859375,-0.006988835974037647,0.02125146234333515,0.0032867665857076642
1733705232877848000,15.07484814453125,-0.022053426375985143,-0.029047815307974813,-0.02387888823747635
1733705232887815000,15.08481494140625,-0.03353752794265747,-0.07968640791624784,-0.030665187376737593
1733705232897782000,15.094781982421875,-0.015699965696036815,-0.13415332664102314,-0.0634036738961935
1733705232907748000,15.104748046875,0.0024459318473935127,-0.13975582282319665,-0.019444705182313917
1733705232917715200,15.114715087890625,0.03405132268369197,-0.08547668175548315,0.02493570381402969
1733705232927682000,15.12468212890625,0.026236849540472028,-0.03534691545218229,0.11433365066647529
1733705232937649000,15.13464892578125,0.0010278817430138588,0.013828911127150057,0.15001695846617222
1733705232947615200,15.144615234375,-0.01752016686052084,0.03950491191446781,0.17731705332398415
1733705232957582000,15.15458203125,-0.0548354597762227,0.061579673339426516,0.15505553715527057
1733705232967549200,15.164549072265626,-0.11396598639786243,0.07115034250020981,0.11687982801795005
1733705232977516300,15.174516357421876,-0.15132716428190468,0.06627835254967213,0.06916004546582698
1733705232987482000,15.184482177734376,-0.19474661929160356,0.06675342271551489,0.07069558447003364
1733705232997449700,15.19444970703125,-0.2249512034192681,0.07305559159964323,0.12336685194969177
1733705233007416800,15.204416748046874,-0.2201288978293538,0.07044497070983052,0.18039222298562527
1733705233017382700,15.214382568359374,-0.1727241725757718,0.0782468766324222,0.21108137575984
1733705233027349800,15.224349853515625,-0.12880436682850122,0.11279665035754441,0.19957623140513897
1733705233037316900,15.23431689453125,-0.10674158810228108,0.1355585172638297,0.13138181610107422
1733705233047283700,15.24428369140625,-0.07739946602284908,0.13783128450140356,0.04766074584126472
1733705233057249800,15.254249755859375,-0.0460801986515522,0.1213742168277502,-0.035011692148447036
1733705233067216600,15.264216552734375,0.005482815325260162,0.0592275572553277,-0.10133446836173533
1733705233077183700,15.274183837890625,0.0406578813418746,-0.03939034562408924,-0.1485229205161333
1733705233087150800,15.28415087890625,0.10208031829297542,-0.11103300168588758,-0.17682371684908865
1733705233097116700,15.29411669921875,0.1616609267696738,-0.166576755861938,-0.18111703012883662
1733705233107083800,15.304083740234375,0.18683803812414407,-0.18568638387098907,-0.16507307330071924
1733705233117050600,15.314050537109376,0.20123072061389682,-0.18036299689114094,-0.11640928789675235
1733705233127017700,15.324017822265626,0.1416167943894863,-0.14634674552083016,-0.07299626262784004
1733705233136983600,15.333983642578126,0.08291589135676622,-0.07962970929294824,-0.07986205674409866
1733705233146950700,15.34395068359375,0.05044570038467645,-0.0156897365629673,-0.06366670874655246
1733705233156917800,15.353917724609374,0.06714373720735312,0.011681231573969124,-0.1280091247975826
1733705233166884600,15.363884521484374,0.10556553006023169,0.023160656965523958,-0.19755553923249244
1733705233176850700,15.3738505859375,0.15439064350575207,0.018998130458593367,-0.24204992999732494
1733705233186817500,15.383817626953125,0.20341566343754527,-0.006191840377449989,-0.23932898060083388
1733705233196784600,15.39378466796875,0.21622399934530256,-0.038249943417310715,-0.21797698049247263
1733705233206750700,15.403750732421875,0.1749398027986288,-0.02001139915436506,-0.19282792618870734
1733705233216717800,15.4137177734375,0.13985738350152968,-0.01705517969727516,-0.13581190750300884
1733705233226685000,15.423684814453125,0.11226824256926775,-0.017231413047015667,-0.031919571352005
1733705233236651800,15.43365185546875,0.08099953634142876,0.019282208096981047,0.06432546491622924
1733705233246617900,15.443617919921875,0.05758271265774965,0.017189619731903076,0.0941384193778038
1733705233256584700,15.453584716796875,0.025081542025506495,-0.002362345217168331,0.11439794807434081
1733705233266551800,15.4635517578125,-0.03809475285559893,-0.006888005948066711,0.07269523385465144
1733705233276519000,15.473518798828126,-0.07183043371886015,0.00948985900953412,0.03808978441953659
1733705233286484700,15.483484619140626,-0.07366612471342086,0.04303162473589182,0.029980712243914603
1733705233296451800,15.493451904296874,-0.04262450523972511,0.046192865245789284,0.05403378800451755
1733705233306418700,15.503418701171874,-0.02090688668936491,0.05132029126212,0.06550152295827866
1733705233316385800,15.5133857421875,-0.010652619178593158,0.045939913398027415,0.08679507087767124
1733705233326351600,15.5233515625,-0.018347265334427355,0.033937487045675514,0.08392623744308948
1733705233336318700,15.533318603515625,-0.053496904648840424,0.04625497069656849,0.0695341394752264
1733705233346285800,15.543285888671875,-0.0768210816130042,0.03129413293004036,0.07786766805648804
1733705233356251600,15.553251708984375,-0.09823211843222379,-0.003249795576184988,0.081476506203413
1733705233366218800,15.56321875,-0.09591068974733352,-0.04026669006720185,0.08384031272530555
1733705233376185600,15.573185546875,-0.09039747928380966,-0.06635010261163116,0.05002279879748821
1733705233386152700,15.583152587890625,-0.078468264298141,-0.042316169942915434,0.0199029703438282
1733705233396118500,15.593118408203125,-0.04616816919595003,-0.013789748160541057,-0.018535189121961594
1733705233406085600,15.603085693359375,-0.010542436802387237,0.0006489654280245304,-0.01737842030227184
1733705233416052700,15.613052734375,-0.008896715421974658,0.01573956705406308,-0.0030786767929792402
1733705233426019600,15.62301953125,-0.015488368771970271,0.028530513435602187,0.040163083562254905
1733705233435986000,15.63298583984375,-0.034705402678251264,0.01699658137783408,0.0772071583211422
1733705233445952800,15.642952880859376,-0.0529749266013503,-0.02137026641741395,0.08403145138323306
1733705233455919600,15.652919677734374,-0.06402268257737159,-0.02484130352884531,0.07277706691920757
1733705233465886700,15.66288671875,-0.047483343447744845,-0.007333850019425154,0.05095101955831051
1733705233475852800,15.672852783203124,-0.022516659973561764,0.03909998437538743,0.02967442277371883
1733705233485820000,15.68281982421875,-0.01816840163618326,0.08753244524151087,0.05707973157167434
1733705233495786800,15.692786865234375,-0.04724485851675272,0.09773483643457292,0.0707277331739664
1733705233505753900,15.70275390625,-0.05975245791226625,0.07281783732101321,0.0883083980500698
1733705233515719700,15.7127197265625,-0.049637306611239905,0.027204087137430905,0.07631459339559078
1733705233525686800,15.722686767578125,-0.03055208239108324,-0.0007699614591896533,0.06012509061694145
1733705233535654000,15.73265380859375,0.015581892274320124,-0.018808160844445226,0.047963528180122374
1733705233545620700,15.742620849609375,0.0680091218650341,-0.03142594261616468,-0.0037029461711645126
1733705233555586800,15.7525869140625,0.10467091930806637,-0.038741964717954394,-0.03505085511505603
1733705233565553700,15.7625537109375,0.10668401269614695,-0.0421782227769494,-0.06845861919820308
1733705233575520800,15.772520751953126,0.09390168801248074,-0.03925619785040617,-0.12365911289453506
1733705233585486600,15.782486572265626,0.12067191377729176,-0.030834114202857015,-0.14835691629946232
1733705233595453700,15.79245361328125,0.13807137686759233,-0.038543957927823065,-0.1759860969811678
1733705233605420800,15.8024208984375,0.12236498143076896,-0.03810059807449579,-0.21065175217092036
1733705233615387600,15.8123876953125,0.10465250686854123,-0.020602935306727885,-0.20276888996660708
1733705233625353700,15.822353759765624,0.1271490008369088,-0.018051789519190786,-0.16849661800861357
1733705233635320600,15.832320556640624,0.12759294521212577,-0.04019201739579439,-0.109169984292984
1733705233645287700,15.84228759765625,0.07983020030111074,-0.04427329536005854,-0.05977496200501919
1733705233655254800,15.8522548828125,0.04207125527113676,-0.060084758606553074,-0.04546703518927097
1733705233665220900,15.862220947265625,0.00620966829508543,-0.05475801062583923,-0.05058393981158733
1733705233675187700,15.872187744140625,0.00019610709398984908,-0.054628685157746076,-0.08899813387989998
1733705233685154600,15.882154541015625,0.00838905816078186,-0.06590732728019356,-0.09641396309435367
1733705233695121700,15.89212158203125,0.03770020058006048,-0.04460924931615591,-0.0679389792382717
1733705233705087700,15.902087646484375,0.04684504554420709,-0.03293006356880068,-0.03364624901413917
1733705233715054800,15.912054931640625,0.05918517941832542,-0.02863280476629734,0.06948270154893398
1733705233725022000,15.92202197265625,0.07548048065900802,-0.050980976305156946,0.08869301345348357
1733705233734988800,15.93198876953125,0.055822132726013655,-0.05305471383929252,0.06796820533275603
1733705233744955000,15.941954833984376,0.011188918012380599,-0.03215776402205229,0.06939151613414288
1733705233754921700,15.951921630859376,-0.0331941213324666,-0.011361059708893298,0.012940730115771293
1733705233764888800,15.961888916015624,-0.042891339482367036,0.010479746829718351,-0.036981530916690826
1733705233774854700,15.971854736328124,-0.01953472155332565,-0.0016555121220648288,-0.058633390754461286
1733705233784821800,15.98182177734375,0.013079554064571857,-0.003359247300028801,-0.07033493446409701
1733705233794788900,15.991788818359375,0.04992722946852445,0.03119388742595911,-0.033087446087598796
1733705233804755700,16.001755615234377,0.06787088243812323,0.021176059019565582,0.020607903742790222
1733705233814721800,16.0117216796875,0.03028320232182741,-0.025031127012521026,0.0688590166926384
1733705233824688600,16.021688720703125,0.01256049862653017,-0.06283902575075626,0.08092588658332825
1733705233834655700,16.03165576171875,0.018338497506082057,-0.10906243226528167,0.03138298025727272
1733705233844622800,16.041622802734373,0.05056903450340032,-0.09982961675673722,-0.027707506614923477
1733705233854588700,16.051588623046875,0.06038958677202463,-0.024792788212001322,-0.0735989046961069
1733705233864555800,16.0615556640625,0.06471914040893316,0.07567439579591155,-0.05073825359046459
1733705233874522600,16.071522705078124,0.078429101331532,0.18012948039621113,0.0024918168157339097
1733705233884489700,16.08148974609375,0.09475655127614736,0.20845628795325755,0.09191782071888446
1733705233894455600,16.09145556640625,0.06632716012746095,0.21383315868601202,0.17848317449390888
1733705233904422700,16.101422607421874,0.02092734495550394,0.17886325985267756,0.21387363682687283
1733705233914389800,16.1113896484375,0.019928397046029566,0.14495675246715545,0.24074761522710322
1733705233924356600,16.121356689453126,-0.01950344963222742,0.09933788771703839,0.19644319407641886
1733705233934323000,16.131322998046876,-0.029796295587718485,0.08229980528503655,0.15587094519138336
1733705233944289800,16.141289794921875,-0.05424304684102535,0.04707213229835033,0.11869710657298564
1733705233954257000,16.1512568359375,-0.050799920649826524,0.05735913303494453,0.045313890454173084
1733705233964222700,16.16122265625,-0.03799392282962799,0.04018237278461456,-0.03958849854469299
1733705233974189800,16.17118994140625,-0.05033522574752569,0.0033173078544437885,-0.14856500609219073
1733705233984157000,16.181156982421875,-0.041375089700520035,-0.045845366982370614,-0.22121756984889507
1733705233994123800,16.191123779296873,0.01576718571335077,-0.057698301861435174,-0.2666951264321804
1733705234004089300,16.20108935546875,0.08245967202186584,-0.06400017848461866,-0.28799568861424923
1733705234014056400,16.211056396484373,0.12612141135483979,-0.07970116709396242,-0.2818202148497104
1733705234024023300,16.221023193359375,0.14738514865785837,-0.098282095053792,-0.24455051464140415
1733705234033990400,16.230990478515626,0.13702858981639146,-0.12841989755555985,-0.16544366017878054
1733705234043956200,16.240956298828124,0.08144961819648742,-0.1056662139557302,-0.050479310393333435
1733705234053923300,16.25092333984375,0.06093319212943315,0.0009063011899590491,0.08751227923631667
1733705234063890400,16.260890380859376,0.056582595704495905,0.1623290352895856,0.2432581367433071
1733705234073857300,16.270857177734374,0.017604338012635706,0.28316096193417906,0.37673487929701804
1733705234083823400,16.2808232421875,-0.07130465627908707,0.3348993324778974,0.42692718944251534
1733705234093790200,16.290790283203126,-0.16908961546570062,0.27879034563452004,0.4048731785446405
1733705234103757300,16.30075732421875,-0.2920084313869476,0.15989990844652055,0.3271048792093992
1733705234113724400,16.310724365234375,-0.3541270339086652,-0.018364800991117952,0.18875322409570217
1733705234123690200,16.320690185546876,-0.3560544948399067,-0.11147972254008054,0.06614157442748546
1733705234133657300,16.3306572265625,-0.2928685553476214,-0.08805003937482833,0.011779869642853736
1733705234143624200,16.340624267578125,-0.19961217950135468,0.013066256191581487,0.026087211936712262
1733705234153591300,16.35059130859375,-0.12577215952575205,0.08528452018424867,0.09383914417028427
1733705234163557400,16.360557373046873,-0.06653524992018937,0.08781243122667073,0.1556897434055805
1733705234173524500,16.3705244140625,-0.04741875377893447,0.06161664434894919,0.1709621313393116
1733705234183491600,16.38049169921875,-0.019557810167968273,0.0017168869204819202,0.15336042367517946
1733705234193457400,16.39045751953125,-0.001273088675737381,-0.06831117355152964,0.10575637645721435
1733705234203424500,16.400424560546874,0.03460749526172876,-0.11968144143521785,0.04103168309032917
1733705234213391400,16.410391357421876,0.07688070284575224,-0.17770239937976,-0.037756606942415234
1733705234223358500,16.4203583984375,0.08654401872605084,-0.19808555445596573,-0.07757832972109317
1733705234233324300,16.43032421875,0.09822685773521661,-0.18456410184279082,-0.11692366715967654
1733705234243291400,16.44029150390625,0.11843611754924058,-0.13480842954888939,-0.12839549376666545
1733705234253258500,16.450258544921876,0.12028028411120176,-0.09788622760400176,-0.14742752649486063
1733705234263225300,16.460225341796875,0.12221212895661591,-0.0291354935914278,-0.16698445987999438
1733705234273191400,16.47019140625,0.10600099886804819,0.05990706395208835,-0.18323299936950205
1733705234283158300,16.480158203125,0.11323796438425779,0.11777239294350146,-0.1604395682811737
1733705234293125400,16.49012548828125,0.11006693313270807,0.12408055317699908,-0.15365326914191246
1733705234303092200,16.50009228515625,0.07233692193627357,0.07396423087716102,-0.1599386330217123
1733705234313058300,16.510058349609373,0.02916033577173948,-0.02197963048741221,-0.13962240570187567
1733705234323025400,16.520025390625,0.012353870138525963,-0.03270882203355431,-0.1132224745541811
1733705234332992300,16.5299921875,0.03045914341062307,-0.018150281457602977,-0.08805120841860771
1733705234342959400,16.53995947265625,0.06315525209307671,0.007878332159668208,-0.08286533021330833
1733705234352925200,16.54992529296875,0.07781389204263686,0.018392858041822908,-0.06881634659469127
1733705234362892300,16.559892333984376,0.06504442684054375,0.013168255261331797,-0.004817629414796829
1733705234372859100,16.569859130859374,0.05323562336415052,0.02965630259513855,0.03215454915165901
1733705234382825500,16.579825439453124,0.06212094060927629,0.004937748663127422,0.03377425930798054
1733705234392792600,16.58979248046875,0.046757074999809266,0.0005042962603271007,-0.018599486529827118
1733705234402759400,16.599759521484376,0.09554916295856238,0.0011791267819702624,-0.07212064883708953
1733705234412726500,16.6097265625,0.13091565989404916,0.0011934475682675839,-0.09565057750642299
1733705234422692400,16.6196923828125,0.15904869844466446,-0.011998480829596519,-0.09390928679704666
1733705234432659500,16.629659423828127,0.14768734647482631,-0.0082630936935544,-0.08344634497165679
1733705234442626600,16.63962646484375,0.11229805318564176,-0.03555237489640713,-0.04806815759837627
1733705234452593400,16.649593505859375,0.07973726132065058,-0.029786797107011077,-0.030579262658953665
1733705234462559500,16.6595595703125,0.04744768761247396,-0.018912790262699125,-0.027512276303768155
1733705234472526300,16.6695263671875,0.0525374119669199,-0.006609042876213789,-0.037888124367594714
1733705234482493400,16.679493408203125,0.030565818655490875,-0.03494929443672299,-0.06058218673467636
1733705234492460300,16.689460205078124,0.00582972906678915,-0.06473799123987554,-0.061222822725772855
1733705234502426400,16.69942626953125,-0.008671089972555637,-0.07768895048871637,-0.06100421153903007
1733705234512393500,16.7093935546875,-0.0040229719057679175,-0.09033172057121991,-0.028248189362883567
1733705234522360300,16.7193603515625,0.020565818166732787,-0.06674801588803529,-0.006835398977994918
1733705234532327400,16.729327392578124,0.05928951657563448,-0.030719255651533602,-0.005641220757365227
1733705234542293200,16.739293212890626,0.09025047202855348,0.0073282970614731305,0.02207330012023449
1733705234552260400,16.74926025390625,0.08046031489819287,0.06447890191227197,0.0711117640554905
1733705234562227200,16.759227294921875,0.06228928291350603,0.10322335084825754,0.13234744626283645
1733705234572193300,16.769193359375,-0.06158727212399244,0.1335448393538594,0.17168401587307452
1733705234582160400,16.779160400390627,-0.15031097297668455,0.13015753500312566,0.23628829773068427
1733705234592127200,16.789127197265625,-0.2147477893128991,0.10626257241368293,0.2612304312855005
1733705234602094300,16.79909423828125,-0.2547209032610059,0.06506868449896573,0.26140987950563427
1733705234612060400,16.809060302734373,-0.25401333951354027,0.04316577250957489,0.24915011739134788
1733705234622027500,16.819027587890623,-0.20801526618748903,0.058360126771032805,0.250494517737627
1733705234631994400,16.828994384765625,-0.18593524406552314,0.08141863853633403,0.21617548402845857
1733705234641961200,16.838961181640624,-0.14736410586982965,0.06482274691388011,0.14095745369791984
1733705234651927600,16.848927490234374,-0.09063508743196726,0.049576662465184926,0.04190788140296936
1733705234661894400,16.858894287109376,-0.0547179708763957,0.030660949593037366,-0.06745733320116996
1733705234671861500,16.868861572265626,-0.010577800376713275,-0.0030947511449456212,-0.16445114201009273
1733705234681828400,16.878828369140624,0.029288346065580843,-0.04745543252751231,-0.24323300230205058
1733705234691794400,16.88879443359375,0.04799509236216545,-0.07310951374396682,-0.2499421445518732
1733705234701761300,16.89876123046875,0.10310644647032022,-0.09571765139326453,-0.22472411666512487
1733705234711728400,16.908728271484375,0.15496201365292073,-0.09954890011921524,-0.19339725050926207
1733705234721695500,16.918695556640625,0.14741525153517723,-0.060680386412143704,-0.14111469008624553
1733705234731661300,16.928661376953126,0.13106938915103672,-0.0328849092528224,-0.0870318022429943
1733705234741628400,16.93862841796875,0.10371054984331131,-0.02922945548519492,-0.04811842648088932
1733705234751595300,16.94859521484375,0.0976806220293045,-0.06475961854979395,-0.015313304466009139
1733705234761561300,16.958561279296877,0.08735299702137708,-0.07731573326215148,-0.01400222186744213
1733705234771528200,16.968528076171875,0.10255173519700765,-0.08451178224608302,0.028467385071516034
1733705234781495300,16.978495361328125,0.10318915631771088,-0.05486030195653438,0.06404547893106936
1733705234791462400,16.98846240234375,0.10196282939314842,0.01100786235705018,0.0772632724225521
1733705234801428200,16.99842822265625,0.11745149042606354,0.07801642887741327,0.08543547296226024
1733705234811395300,17.008395263671876,0.10663169798702,0.1173426232241094,0.0958423006862402
1733705234821362200,17.018362060546874,0.05756693056672811,0.1561088456004858,0.06608019962906837
1733705234831329300,17.028329345703124,-0.006091887134313583,0.15144903709590435,0.05399462503790855
1733705234841295400,17.03829541015625,-0.04853986676335335,0.0982071301214397,0.01034019222855568
1733705234851262200,17.04826220703125,-0.07716156561374664,0.033107465962320566,-0.0142214175760746
1733705234861229300,17.058229248046874,-0.03958528367429971,0.0015565817922353743,-0.048204351198673244
1733705234871196200,17.068196044921876,-0.028735096096992492,-0.026644115167111158,-0.06534779370129108
1733705234881162500,17.07816259765625,-0.0011459551647305488,-0.040749797409027816,-0.06448737747967243
1733705234891129300,17.08812939453125,-0.00400894338041544,-0.06577449468076228,-0.08307984974682331
1733705234901096400,17.098096435546875,0.039326632738113404,-0.05516936790570617,-0.10317688135802745
1733705234911063600,17.1080634765625,0.06743950528353453,-0.034852848324924704,-0.09735504333674908
1733705234921029400,17.118029296875,0.11794190429151058,-0.050069560548663135,-0.11230419066548347
1733705234930996500,17.12799658203125,0.14716478390544652,-0.06594137568026781,-0.060410921820998185
1733705234940963300,17.13796337890625,0.12301701559871435,-0.07331307349205017,-0.007803951749205589
1733705234950930400,17.147930419921874,0.082860361777246,-0.04393149618506431,-0.00256020587682724
1733705234960896300,17.157896240234376,0.05771773721426725,0.008049450942873954,0.013463292685151099
1733705234970863400,17.16786328125,0.010298983435332774,0.02185673476010561,-0.007107786178588866
1733705234980830500,17.17783056640625,0.0031707389906048774,-0.0016134265460073947,-0.026163784304261205
1733705234990796300,17.18779638671875,0.019269348615407942,-0.06606017975434661,-0.062327569097280495
1733705235000763100,17.19776318359375,0.05233809000253677,-0.08722951677218078,-0.06495441046953201
1733705235010730000,17.20772998046875,0.06218523801714181,-0.057418169745802876,-0.05431903468668461
1733705235020697000,17.217697021484376,0.05208119263201952,-0.0018351064726710318,-0.028600656062364577
1733705235030663000,17.227662841796874,0.0426399950698018,0.056766720099747175,-0.0026952304333448408
1733705235040630000,17.237630126953125,0.011507190181314944,0.09729790632203221,0.004381576085090637
1733705235050596900,17.247596923828127,-0.003729541917145252,0.09656360069811344,0.02470540218949318
1733705235060564000,17.25756396484375,-0.004561901088058948,0.053220571925491095,0.041460137635469435
1733705235070530300,17.2675302734375,-0.021196809546649455,0.0385118092238903,0.08174947792589664
1733705235080497200,17.2774970703125,-0.050721594716608524,0.018205372645705938,0.10828443363010883
1733705235090464000,17.287464111328124,-0.07377455352395773,0.014829028080403804,0.10389058258533478
1733705235100430800,17.297430908203125,-0.10127133999764919,0.015637129592895507,0.09317629634737967
1733705235110397200,17.307397216796875,-0.05640723913758993,0.011755173593014479,0.07826572746336459
1733705235120364000,17.317364013671874,-0.05324526797533035,0.021425211475044486,0.06144844817519188
1733705235130331100,17.3273310546875,-0.01459258897602558,0.0203397543258965,0.06604629735946654
1733705235140298200,17.33729833984375,0.013830080170929432,0.039534576400369406,0.03874503345787525
1733705235150264000,17.34726416015625,-0.0053261634588241576,0.03795870538577437,0.006458382359147072
1733705235160231200,17.357231201171874,-0.013131284251809119,0.004946954882889986,-0.02111585326492786
1733705235170198000,17.367197998046876,-0.010311258395016194,-0.01922024877667427,-0.07204933716654777
1733705235180164000,17.3771640625,0.0321112945318222,-0.035336832449585194,-0.07371580907404422
1733705235190131000,17.387130859375,0.07507745281606912,-0.03625073242411017,-0.04212123189270496
1733705235200098000,17.39709814453125,0.0814569247201085,-0.03866875335127115,-0.025131518647074698
1733705235210065200,17.407065185546877,0.057246028049290174,-0.02312836213111877,-0.016488193464279172
1733705235220031000,17.417031005859375,0.04597498471140861,0.001912701753526926,-0.021623802787065504
1733705235229998000,17.426998046875,0.027234336145222186,0.010945172384381294,-0.045480479192733764
1733705235239965000,17.43696484375,0.03593991290926933,0.012613836248964071,-0.06309621538221835
1733705235249932000,17.44693212890625,0.052122693686187264,0.0022179683104157446,-0.05983399871587753
1733705235259897900,17.45689794921875,0.050993689656257626,0.011759995898604393,-0.04018003469705581
1733705235269865000,17.466864990234374,0.05170651410073042,0.014353811784088611,-0.0290659354865551
1733705235279832000,17.47683203125,0.04066401882171631,0.014787234765291214,-0.011092471900582313
1733705235289799000,17.486798828125,0.02359597964286804,0.02937880082800984,-0.006947042658925056
1733705235299765000,17.496764892578124,-0.01532762525230646,0.053111558593064545,0.0010392799198627471
1733705235309731800,17.50673193359375,-0.0602057546377182,0.04162073502466082,0.004833996027708053
1733705235319699000,17.516698974609376,-0.08606471077650785,0.04498451236933469,0.060787938439846034
1733705235329666000,17.526666015625,-0.0762242847636342,0.018702216251939532,0.11929448794424533
1733705235339632000,17.536632080078125,-0.06090747316628694,-0.027762013281136748,0.15399404540359973
1733705235349599200,17.54659912109375,-0.008870996458828448,-0.07561652812883257,0.1695189467936754
1733705235359566000,17.556566162109377,0.06304010128080845,-0.12271920169591903,0.11862813299000262
1733705235369532200,17.5665322265625,0.15034107585400341,-0.14216712174862622,0.019979542711377144
1733705235379499000,17.5764990234375,0.23792232867330312,-0.10671966853141784,-0.0937374373614788
1733705235389466000,17.586466064453123,0.29497517223805186,-0.05131269247755408,-0.18192483938038348
1733705235399433200,17.59643310546875,0.27928543567508457,0.013851122958958148,-0.2428483868986368
1733705235409399000,17.60639892578125,0.22491320949643848,0.06544643177017569,-0.28101941986083984
1733705235419366100,17.6163662109375,0.13500176016390322,0.08911284630075096,-0.2956242837965488
1733705235429333000,17.6263330078125,0.025266543203592298,0.05612403828203678,-0.29116145916879177
1733705235439300000,17.636300048828126,-0.03984685721993446,-0.019402619606256485,-0.22991408652365206
1733705235449266000,17.646265869140624,-0.06583236234784126,-0.030204730258136987,-0.12723112616240978
1733705235459233000,17.65623291015625,-0.08083265534192323,0.028213264179974794,-0.0022048165678977966
1733705235469200100,17.6662001953125,-0.15420827267616985,0.0860987591765821,0.14358254150450228
1733705235479167000,17.6761669921875,-0.2203469244942069,0.14193886595070362,0.23666706791520117
1733705235489133000,17.686133056640625,-0.2466100775197148,0.15810498785376548,0.34877485922574997
1733705235499100000,17.696099853515626,-0.22584318382292984,0.1071061836309731,0.4046867160618305
1733705235509067000,17.70606689453125,-0.15479951656758784,0.0646228404276073,0.4387456375300884
1733705235519034000,17.7160341796875,-0.08241261800974607,0.023218816893547774,0.38142975911498067
1733705235529000000,17.726,-0.022881693893671035,-0.02932283285707235,0.2758709510564804
1733705235538967000,17.735967041015623,0.026831016041338442,-0.09050999974757433,0.11909048980474471
1733705235548934000,17.745933837890625,0.10243716890662909,-0.13368351717218757,-0.0261900877892971
1733705235558900200,17.755900146484375,0.18005115446299313,-0.11961539046168326,-0.16238076547682284
1733705235568867000,17.7658671875,0.2630193605288863,-0.08591580382511019,-0.3036316491633653
1733705235578834200,17.775834228515624,0.26179654073566194,-0.06276552212312818,-0.41272739917635914
1733705235588801000,17.785801025390626,0.2271788163408637,-0.011015461141616105,-0.47971828390955923
1733705235598767000,17.79576708984375,0.17128332611769437,0.01398351716697216,-0.4844803837448358
1733705235608734200,17.805734130859374,0.10775018062293529,0.007029606375843286,-0.3948568114429712
1733705235618701000,17.815701171875,0.06860007349550723,-0.027316169209778307,-0.21803426363766193
1733705235628668200,17.825668212890626,0.08685381532758474,-0.06565656738951801,-0.017288988453149794
1733705235638634000,17.835634033203124,0.08115355785936117,-0.07487038593664765,0.10722469544410705
1733705235648601000,17.84560107421875,0.062248658642172806,-0.026035043358057737,0.15891571971476076
1733705235658568200,17.855568115234377,-0.018355448640882968,0.05678747062683105,0.18742577488422393
1733705235668535000,17.86553515625,-0.08803717989325523,0.1290871292926371,0.1965238580971956
1733705235678501000,17.875501220703125,-0.1420703833758831,0.1812809885188937,0.2112076324880123
1733705235688468000,17.885468017578123,-0.17887392737716434,0.1710829812400043,0.2382522912800312
1733705235698435000,17.89543505859375,-0.19617752887755632,0.120612730935961,0.26487960144281386
1733705235708402200,17.905402099609375,-0.21569705286175012,0.04304886813163757,0.2928489738643169
1733705235718368000,17.915367919921874,-0.18216420109421014,-0.008205518287420272,0.28513562300801276
1733705235728335000,17.925335205078124,-0.0853156459748745,-0.04839183659479022,0.23437515758574007
1733705235738302000,17.935302001953126,0.04366758455187082,-0.08888751311227679,0.1703074668228626
1733705235748268000,17.94526806640625,0.15341098481863735,-0.11954071779027581,0.0540098226070404
1733705235758235000,17.95523486328125,0.23290040885806082,-0.11799918743669986,-0.1200362462222576
1733705235768202000,17.965201904296876,0.27364772204905746,-0.12123407770469784,-0.35029169352948664
1733705235778169000,17.975169189453126,0.2851633877977729,-0.07833776978626847,-0.5315180292516947
1733705235788135200,17.98513525390625,0.2948711273416877,-0.009127309307456016,-0.6161240656524897
1733705235798102000,17.99510205078125,0.2539677468061447,0.0704299192711711,-0.5919464867293834
1733705235808068900,18.00506884765625,0.15887012700736522,0.06680266868472098,-0.42983460132181645
1733705235818036000,18.015035888671875,0.05834229885339737,0.02169891384989023,-0.19762275924980638
1733705235828002000,18.025001953125,-0.031192718382179734,-0.02471709262728691,0.028248773884773253
1733705235837969200,18.03496923828125,-0.05867343050390482,-0.0808776635274291,0.19646949756145476
1733705235847936300,18.044936279296873,-0.06159224056005477,-0.06773921888247132,0.2778501421749592
1733705235857903000,18.054903076171875,-0.0810255475655198,0.026175036350637674,0.3022960166454315
1733705235867869200,18.064869140625,-0.09456891974955797,0.11612813286781311,0.2731862420171499
1733705235877836000,18.0748359375,-0.1355754683986306,0.19950243551656602,0.2709884397119284
1733705235887803100,18.08480322265625,-0.2101686448290944,0.2566140235312283,0.31923312292099
1733705235897770200,18.094770263671876,-0.2678746916055679,0.23326325082108376,0.3692120825767517
1733705235907736000,18.104736083984374,-0.2807473249211907,0.1589936072565615,0.3849585177630186
1733705235917703200,18.114703125,-0.25049013382345436,0.03260010096207261,0.35890929974913593
1733705235927670000,18.124669921875,-0.1766451454117894,-0.08089037687852978,0.2667296132236719
1733705235937636000,18.134635986328124,-0.024411387678980826,-0.17995792322158813,0.1620692153096199
1733705235947603000,18.14460302734375,0.1498176365017891,-0.21922771120592952,0.03283493263125419
1733705235957570000,18.154570068359376,0.28707155950665475,-0.16850728553310035,-0.11696166108250618
1733705235967537200,18.164537109375,0.3631269174441695,-0.12455781529992818,-0.3043313218653202
1733705235977503000,18.1745029296875,0.40433395710140463,-0.07920534640103578,-0.4863286419600248
1733705235987470000,18.184469970703127,0.3976736224293709,-0.07342617847770452,-0.6214736099869013
1733705235997437400,18.1944375,0.3635448505952954,-0.06699366121217608,-0.696191874101758
1733705236007404500,18.204404541015624,0.28531770157665015,-0.01703457530066371,-0.6274082607328891
1733705236017370400,18.214370361328125,0.18781331289708614,0.05288958640545606,-0.466417488309741
1733705236027337500,18.22433740234375,0.05317278726100921,0.06136252345740795,-0.25141747780144214
1733705236037304600,18.2343046875,-0.024346505749225616,0.016550445045530795,0.0035720132678747174
1733705236047271400,18.244271484375,-0.06685293756723404,-0.0030992811895906923,0.24682722740173338
1733705236057237500,18.254237548828126,-0.125149351452291,0.027066286101937294,0.4069780418694019
1733705236067204400,18.264204345703124,-0.1919637105748057,0.09560586158186196,0.4537579132229089
1733705236077171500,18.27417138671875,-0.25688918721079823,0.16632131979614495,0.44426527773439883
1733705236087138600,18.284138671875,-0.2819137383520603,0.19415537540018557,0.3967231898367405
1733705236097104600,18.294104736328126,-0.2568167064964771,0.1721976644836366,0.35086160237193104
1733705236107071700,18.30407177734375,-0.17198942856043575,0.07996113320440053,0.3283545870095491
1733705236117038600,18.31403857421875,-0.07245382631421089,-0.045549014384299515,0.2782119612246752
1733705236127004700,18.324004638671877,0.030255145271122455,-0.10482011852040886,0.17781448145210743
1733705236136971500,18.333971435546875,0.104880470405519,-0.0922204569272697,0.01222936697602272
1733705236146938600,18.343938720703125,0.13291852414906025,-0.04519873964190483,-0.15490063885450361
1733705236156905700,18.35390576171875,0.16857815881222485,0.006635054100304841,-0.30028876847624775
1733705236166871600,18.36387158203125,0.19101240119934082,0.020185878938436506,-0.36503099749982354
1733705236176838700,18.373838623046876,0.17343202858418225,-0.009500672664493321,-0.3654343176037073
1733705236186805500,18.383805419921874,0.14839929413646458,-0.06189107737615704,-0.3245534411609173
1733705236196772600,18.393772705078124,0.13418839795440435,-0.08721724181249738,-0.24149931037724018
1733705236206738400,18.403738525390626,0.0972141735613346,-0.06145458565503358,-0.15451602345108986
1733705236216705500,18.41370556640625,0.047398003251850604,-0.012273936770111321,-0.05273147323429584
1733705236226672600,18.423672607421874,0.0417252183124423,0.024348405445367097,0.04108955075740814
1733705236236639500,18.433639404296876,0.0016889760002493858,0.05068798470795154,0.11644552825391292
1733705236246605600,18.44360546875,-0.030090017837285994,0.040564650100469585,0.18158581668436527
1733705236256572400,18.453572509765625,-0.037788755646347996,0.045073359696567054,0.20395371583700178
1733705236266539500,18.46353955078125,-0.043379415260255336,0.014812661467492579,0.1781593493670225
1733705236276505300,18.47350537109375,-0.019516309113800524,0.023121201737970113,0.14541326406300067
1733705236286472400,18.483472412109375,-0.006414543217420578,0.014353811784088611,0.10629121398627757
1733705236296439600,18.493439453125,0.001135141509771347,0.0012428396679461003,0.0564671526312828
1733705236306406400,18.503406494140624,0.0013116671204566955,-0.008496171797066927,-0.005505611678957939
1733705236316372700,18.513372802734374,0.018878011210262776,-0.0017754852399230001,-0.01692892296910286
1733705236326339600,18.523339599609375,0.040435763023793696,0.004714022909849882,-0.024938626423478126
1733705236336306700,18.533306640625,0.048321255576610565,0.004275046970695257,-0.055982583984732624
1733705236346273500,18.5432734375,0.03896159881800413,-0.014016104262322186,-0.08416589141786097
1733705236356239600,18.553239501953126,0.03177928609848022,-0.007791384528577327,-0.09136895466446876
1733705236366206700,18.563206787109376,0.05343991376459598,0.008957651828974485,-0.07072539508640766
1733705236376173600,18.573173583984374,0.049292730957269666,-0.022120938654243943,-0.0778776049286127
1733705236386140700,18.583140625,0.04570815046876669,-0.008428221127390861,-0.06634498804509639
1733705236396106500,18.5931064453125,0.04968465288430452,0.0052935763634741305,-0.03574351355433464
1733705236406073600,18.603073486328125,0.041112054850161076,-0.0030243162572383877,-0.00476443792283535
1733705236416040700,18.613040771484375,0.03633738779425621,0.009937602777034043,0.0070031567603349686
1733705236426007600,18.623007568359377,0.04965221191942692,0.020378040509670972,0.013099135547876357
1733705236435973600,18.6329736328125,0.07500438757985829,0.01416720317080617,0.005523147335648537
1733705236445940500,18.6429404296875,0.04525017756819725,-0.0031600714661180972,0.040109892070293425
1733705236455907600,18.652907470703123,0.03196019562333822,0.001987082163989544,0.08103519217669963
1733705236465873400,18.662873291015625,0.04431465028375387,0.010525777928531169,0.07429156313538551
1733705236475840500,18.672840576171875,0.026870179007947442,0.016212006871402264,0.07661036147177219
1733705236485807600,18.6828076171875,0.03248100462704897,0.014287322419136762,0.05191372711062431
1733705236495774500,18.6927744140625,0.03590805646628141,0.0005241700045764446,-0.002740238618850708
1733705236505740500,18.702740478515626,0.015619301675260065,-0.0024349720619618893,-0.0352051688939333
1733705236515707400,18.712707275390624,0.042749300663173194,-0.001912701753526926,-0.04492226078808308
1733705236525674500,18.722674560546874,0.06617986061125994,0.0005288461796939373,-0.03172960173785686
1733705236535641600,18.7326416015625,0.0722924982726574,-0.003746493051946163,0.007432195827364921
1733705236545607700,18.742607666015626,0.04046557364016771,-0.011587415810674429,0.024396190109848975
1733705236555574500,18.752574462890625,0.0414464013710618,0.005076426481455564,0.025380524972081184
1733705236565541600,18.762541748046875,0.042239889836311335,0.03429755252972245,0.03788286367058754
1733705236575508500,18.772508544921877,0.04467500802874565,0.03727861416712403,0.017357962036132813
1733705236585474600,18.782474609375,0.04741992282271385,0.008455255264788866,0.03375321651995182
1733705236595441700,18.792441650390625,0.03820318166613579,-0.006795651489496231,0.035003508841991424
1733705236605408800,18.80240869140625,0.0003632803544402122,-0.009325900619477034,0.0048643911659717555
1733705236615374600,18.81237451171875,0.006133972710371017,-0.007215192075818777,-0.008209609940648078
1733705236625341700,18.822341796875,0.00134936878234148,0.021462036354094743,0.01102291379570961
1733705236635308500,18.83230859375,0.02686813318133354,0.03532324231564998,0.025053777235746384
1733705236645275600,18.842275634765624,-0.003070785747468471,0.024238369199633597,0.06782908912301062
1733705236655241500,18.852241455078126,-0.009117664696276187,0.022950959737598895,0.07735854949057101
1733705236665208600,18.86220849609375,-0.05343816019892692,0.0022739362813532353,0.062035308152437206
1733705236675175700,18.87217578125,-0.07381956170946359,-0.0018709084384143351,0.040914194190502164
1733705236685142500,18.882142578125,-0.053605333459377284,-0.024420155507326124,0.040838790866732595
1733705236695108600,18.892108642578126,-0.008855506628751755,-0.052457478598505254,0.04685176754593849
1733705236705075500,18.902075439453125,0.0801499337747693,-0.05910846092030406,0.0779167678952217
1733705236715042600,18.91204248046875,0.20133710359781978,-0.05090542685091495,0.12600012306272984
1733705236725009700,18.922009765625,0.21538316460698842,-0.0483937362909317,0.15675123515725134
1733705236734975500,18.9319755859375,0.21104718122929333,-0.038840018264949316,0.15695874042809008
1733705236744942600,18.941942626953125,0.23606150323748587,-0.0713237993709743,0.08663783448934555
1733705236754909400,18.951909423828123,0.2523237789914012,-0.14198241283148527,-0.019985972452163697
1733705236764875800,18.961875732421873,0.3012032529726624,-0.1974856888666749,-0.17165362073481083
1733705236774842600,18.971842529296875,0.368545727622509,-0.21996201682984828,-0.31643793924450875
1733705236784809500,18.9818095703125,0.4798445406377315,-0.2258177571207285,-0.4893155488163233
1733705236794776600,18.991776611328124,0.5317644052281976,-0.21585896542519328,-0.629480390831828
1733705236804742700,19.00174267578125,0.5222317299902439,-0.1757749384485185,-0.7240577861487865
1733705236814709800,19.011709716796876,0.43629736759513615,-0.09433072707951068,-0.7388824303150177
1733705236824676600,19.021676513671874,0.3328966143533587,0.002699322086572647,-0.7305436410367488
1733705236834643700,19.031643798828124,0.2185074341073632,0.09404255778789519,-0.636724370610714
1733705236844609500,19.041609619140626,0.14507014971375465,0.17940306581780313,-0.47257542641758915
1733705236854576600,19.05157666015625,0.06264759483188391,0.24946532082036135,-0.2862742716491222
1733705236864543700,19.061543701171875,-0.08258505196720362,0.28740181437432766,-0.039060675278306006
1733705236874510600,19.071510498046877,-0.2497530517205596,0.23060177652686834,0.22760347149372098
1733705236884476700,19.0814765625,-0.3622869594886899,0.12110665193274617,0.44343701021671295
1733705236894443500,19.091443603515625,-0.39260143373161555,0.025266104812175033,0.6322767435520887
1733705236904410600,19.10141064453125,-0.3736570792868733,-0.031031682601571083,0.7362760472089052
1733705236914376400,19.11137646484375,-0.3362003320738673,-0.023418869510293004,0.7559574837565421
1733705236924343600,19.121343505859375,-0.2558931619107723,0.009593173253536223,0.6743915457040071
1733705236934310700,19.131310546875,-0.1262976447045803,0.0904962634831667,0.5239595766961574
1733705236944277500,19.141277587890624,-0.008293488831818104,0.20004004952460527,0.3640869946479797
1733705236954243600,19.15124365234375,0.007696691982448101,0.26243776124864815,0.24270693260133264
1733705236964210400,19.16121044921875,-0.009740472769737243,0.27500235152840613,0.14960545505583286
1733705236974177500,19.171177490234374,-0.08322101178318261,0.21429332354366779,0.06301379779577256
1733705236984144400,19.181144287109376,-0.13957652073353527,0.10706716679483652,0.009882511588931083
1733705236994110500,19.1911103515625,-0.17018822435736655,0.03477057686895132,-0.025263620594143867
1733705237004077600,19.20107763671875,-0.16512480348795652,0.010390168850123881,-0.05322597875297069
1733705237014044700,19.211044677734375,-0.16206073974221943,-0.010270341862738131,-0.02971241669654846
1733705237024011500,19.221011474609377,-0.10851298168897629,-0.013401333364844321,0.013878303226828575
1733705237033977900,19.230977783203127,-0.08554507081657647,-0.002351531562209129,0.055149640291929244
1733705237043944700,19.24094482421875,-0.06992080070525407,0.010597966381907463,0.029386838003993034
1733705237053911800,19.250911865234375,-0.051502515961229796,0.023488135354220865,0.0005295768320560455
1733705237063877600,19.260877685546873,-0.0660310997903347,0.00855681594312191,-0.017029460734128952
1733705237073844700,19.2708447265625,-0.08124240518659352,-0.006309767668694257,-0.05015606978833675
1733705237083811800,19.280811767578125,-0.0370434902369976,-0.041104163804650304,-0.05295066894292831
1733705237093778700,19.29077880859375,0.012236088977754115,-0.041216976529359815,-0.06832768629491329
1733705237103744800,19.300744873046874,0.020861293981969356,0.00582972906678915,-0.026579963889718054
1733705237113711600,19.310711669921876,0.06738368344306946,0.029108313323557376,0.03491173890531063
1733705237123678700,19.3206787109375,0.028372400264441964,0.03176511144265532,0.0845528449088335
1733705237133645800,19.330645751953124,-0.03205956434458494,0.03157397278472781,0.13195347850918768
1733705237143611600,19.340611572265626,-0.09811755214184523,0.05935732111483812,0.12805296393930912
1733705237153578800,19.350578857421876,-0.14620149183124304,0.05427738750204444,0.1579874989539385
1733705237163545600,19.360545654296875,-0.1574900708258152,0.04008256567195058,0.1561170289069414
1733705237173512700,19.3705126953125,-0.14808657492548227,0.0029328385815024375,0.1626917311221361
1733705237183478500,19.380478515625,-0.08747282400876283,0.0011488777741789817,0.18522154283821582
1733705237193445600,19.390445556640625,-0.03590074994266033,-0.012504822916537522,0.1461836639136076
1733705237203412700,19.400412841796875,0.025782091510295868,-0.01577946067303419,0.12216039876937866
1733705237213378600,19.410378662109373,0.04192395575493574,-0.015390461355447768,0.029545243436098097
1733705237223345700,19.420345703125,0.04222761487662792,0.017231413047015667,-0.052589434415102
1733705237233312500,19.4303125,0.060225043860077855,0.005380962385982274,-0.13448212020397185
1733705237243279600,19.440279541015624,0.09251900148242712,-0.0001486146904528141,-0.20557751764655113
1733705237253245700,19.45024560546875,0.13372341079115868,-0.010858078622817992,-0.24796061534583566
1733705237263212800,19.460212890625,0.15218495015501976,-0.04357347652763128,-0.24827567264437675
1733705237273179600,19.4701796875,0.15723521928191184,-0.05145151642635464,-0.241671159812808
1733705237283146500,19.480146484375,0.18043635438829658,-0.04803630115538835,-0.210602067810297
1733705237293112800,19.49011279296875,0.17864713288396597,-0.034401597426086665,-0.16641162842810153
1733705237303079700,19.50007958984375,0.18861966084390877,-0.009319763139635324,-0.13854746994674205
1733705237313046800,19.510046875,0.1709676842972636,0.012426789244264363,-0.07313011814057827
1733705237323012600,19.5200126953125,0.13699994824379683,0.000452566073089838,-0.03493979595601558
1733705237332979700,19.529979736328126,0.08441752809137106,-0.0249222598105669,-0.032820904105901716
1733705237342946800,19.53994677734375,0.06281009191721677,-0.045328065109997984,-0.0643622897952795
1733705237352913700,19.54991357421875,0.056412499834597105,-0.0911754779189825,-0.09420914652645587
1733705237362879700,19.559879638671877,0.11339373946785926,-0.0861507816247642,-0.1268769058972597
1733705237372846600,19.5698466796875,0.15782324830293654,-0.036604222036898136,-0.11974398527741431
1733705237382813700,19.579813720703125,0.14275515076965092,0.017218407434970138,-0.05042319629192352
1733705237392780800,19.58978076171875,0.08391483926624059,0.03647475043833256,0.03559036881923675
1733705237402746600,19.59974658203125,0.05688888517469167,0.0320842603944242,0.08260229536294937
1733705237412713700,19.609713623046876,0.028297873723506926,-0.013248042499274014,0.098116090837121
1733705237422680600,19.6196806640625,-0.0025078911677002907,-0.04076104945540428,0.05002279879748821
1733705237432647700,19.629647705078124,0.000542144052684307,-0.04190028261840343,-0.011238017851114272
1733705237442613500,19.639613525390626,0.008292027527093886,-0.018083792092651128,-0.023483166918158528
1733705237452580600,19.64958056640625,0.02090864025503397,0.005712970819324255,0.0003653261810541153
1733705237462547700,19.659547607421874,0.030438100622594354,0.00866159149184823,0.041887423136830325
1733705237472513800,19.669513671875,0.018866613033413887,0.007979746707528828,0.08478899175226688
1733705237482480600,19.679480712890626,-0.014829904863238335,0.01821165625602007,0.08719722193777561
1733705237492447500,19.689447509765625,-0.04216887042671442,0.01708864357545972,0.058441083052754396
1733705237502414600,19.69941455078125,-0.016492869639396668,0.027842385040968656,-0.008155833926796913
1733705237512380700,19.709380615234377,-0.029134909069538115,0.03801613466143608,-0.03374444869160652
1733705237522347800,19.71934765625,-0.010146130961179733,0.029193653519451617,-0.025866262662410735
1733705237532315000,19.72931494140625,-0.006649521017074584,0.01548997620716691,0.010053191980719566
1733705237542281700,19.73928173828125,-0.04836071080416441,0.014456833767145872,0.06394201855659484
1733705237552247800,19.749247802734374,-0.09113602269142866,0.030665479637682437,0.11509177555739879
1733705237562214700,19.759214599609376,-0.07871317896991968,0.04821896424591541,0.1355652392655611
1733705237572181800,19.769181640625,-0.03213847479969263,0.056805444674938914,0.12652210111021994
1733705237582147600,19.779147705078124,-0.008931786735355853,0.044903409957140684,0.11672434519529341
1733705237592114700,19.78911474609375,-0.016328326727449893,0.020701427245140073,0.09093056324720382
1733705237602081800,19.799081787109376,-0.007911211515963077,-0.000020166005194187162,0.027507600128650663
1733705237612048600,19.809048583984374,0.01092529864013195,-0.025889059016108513,-0.03087269264757633
1733705237622014700,19.8190146484375,0.024023557405173777,-0.01670358978062868,-0.04317863199114799
1733705237631981600,19.828981689453126,0.05893208144009113,-0.012739362324774265,-0.053092123240232464
1733705237641948700,19.83894873046875,0.0783460992231965,0.002058978356420994,-0.06378361312448978
1733705237651915800,19.848915771484375,0.04948357735425234,-0.020355390286445618,-0.04158522531986236
1733705237661881600,19.858881591796877,0.058798518188297746,-0.03721197867169976,-0.06231646318137645
1733705237671848700,19.8688486328125,0.09490969601124524,-0.03739230367466807,-0.06497720682322979
1733705237681815600,19.878815673828125,0.10358107824474573,-0.025820085433125493,-0.05756371569633484
1733705237691782700,19.88878271484375,0.1101090187087655,-0.0032101942181587215,-0.06572773292958736
1733705237701748700,19.898748779296874,0.10050590858310461,0.008304594747722148,-0.06162380474209785
1733705237711715600,19.908715576171875,0.10283785866200923,0.022652853573858735,-0.07219722120463848
1733705237721682700,19.9186826171875,0.07457651755660771,0.012862696443498134,-0.04466214854717254
1733705237731648800,19.928648681640624,0.0516463083460927,0.010861585754156113,-0.02113514248728752
1733705237741615900,19.938615966796874,0.022347440886497497,0.002961626284569502,0.016315759506821632
1733705237751582700,19.948582763671876,-0.009371347196400166,-0.004824351416528224,0.05548807846605777
1733705237761549800,19.9585498046875,-0.007026829896867275,0.0018045652039349078,0.07401566880345344
1733705237771515600,19.968515625,0.008975041355192661,0.01788607756346464,0.05242869089543819
1733705237781482800,19.978482666015626,0.0009726444244384765,0.002116261501610279,0.0010503858357667922
1733705237791449900,19.988449951171877,0.04678980822563171,-0.011650690305233,-0.01262275020778179
1733705237801416700,19.998416748046875,0.05294599276781082,-0.023645371742546557,-0.04997194539308548
1733705237811382800,20.0083828125,0.052528644138574596,-0.03464899631589651,-0.06887947495877743
1733705237821349600,20.018349609375,0.07262684479355812,-0.020730214948207138,-0.06268354292809963
1733705237831316700,20.028316650390625,0.09355535879284142,-0.017557722391933202,-0.04339548961222171
1733705237841283800,20.038283935546875,0.08695581439733505,0.009967559523880481,-0.015233809489011764
1733705237851249700,20.048249755859374,0.09128829064369201,0.03433087027743459,0.01537117213308811
1733705237861216800,20.058216796875,0.08925269316285848,0.03821034205928445,0.03066226476728916
1733705237871183600,20.06818359375,0.03938479266613722,0.04625058678239584,0.06386427714526653
1733705237881149700,20.078149658203124,-0.046451954573392865,0.05523293466120958,0.0949310310602188
1733705237891116500,20.088116455078126,-0.11754472166746854,0.04626213108971715,0.10454466257989406
1733705237901083600,20.098083740234376,-0.11604425397664307,0.020088117652386425,0.07427344295680523
1733705237911050800,20.10805078125,-0.06454203027635812,0.0055406829923391335,0.048940264257788656
1733705237921016600,20.1180166015625,-0.004928980834782123,0.001131488247960806,0.04481763136982918
1733705237930983700,20.127983642578126,0.011793313646316528,0.02437704701796174,0.031222821259498594
1733705237940950500,20.137950439453125,0.013893208535015583,0.049667994010448455,0.009205635240674019
1733705237950917600,20.147917724609375,-0.02115647753626108,0.03245718536004424,-0.0037128830432891845
1733705237960883700,20.1578837890625,-0.03231616945415735,0.010941080731153487,0.0011304653346538543
1733705237970850800,20.167850830078127,0.007737608514726162,-0.014681144042313098,0.004734042784571647
1733705237980818000,20.17781787109375,0.04757452886253595,-0.04200184329673648,0.006790975314378738
1733705237990783700,20.18778369140625,0.07238280690461396,-0.057552902041375635,0.011877484798431396
1733705238000753000,20.1977529296875,0.08229863624125719,-0.03549991405680775,0.011029343536496162
1733705238010720000,20.207719970703124,0.06387918245345353,0.02130669966191053,-0.004193944558501243
1733705238020686800,20.217686767578126,0.059521864026784894,0.022555238418281078,-0.03898468743264675
1733705238030653000,20.22765283203125,0.051233635891973967,0.012019231356680392,-0.10490648162961005
1733705238040619800,20.237619873046874,-0.00010258359163999557,0.03325008930340409,-0.11104454599320888
1733705238050587000,20.2475869140625,-0.027621581897139546,0.05101882409751415,-0.10578092637658118
1733705238060554000,20.257553955078127,-0.004469254368543624,0.02172463281303644,-0.0703179833292961
1733705238070519800,20.267519775390625,0.005988719020783901,0.01922390203848481,-0.0034983635097742076
1733705238080487000,20.27748681640625,-0.01363368081599474,0.01672302513346076,0.08212415645718574
1733705238090453800,20.287453857421873,-0.03297755597233772,-0.001093786586076021,0.112202483856678
1733705238100420000,20.297420166015623,-0.006136603058874607,-0.024281769949942827,0.10641805523633956
1733705238110387000,20.307386962890625,0.016544015304744242,-0.032927287089824675,0.0664794280797243
1733705238120354000,20.31735400390625,0.02949409777075052,-0.02601779996231198,0.009682020580768584
1733705238130321200,20.327321044921874,0.08189765422493218,-0.025897972974926232,-0.01983399676084518
1733705238140287000,20.337286865234375,0.13137801670879126,-0.000006429740786552429,-0.05952887828946113
1733705238150254000,20.347254150390626,0.11000058989822864,-0.008200111459940672,-0.05398059651255607
1733705238160221000,20.357220947265624,0.0988417747631669,-0.026353607787936925,-0.07568564784228801
1733705238170188000,20.36718798828125,0.08562807292491197,-0.026721125926077366,-0.07374912682175636
1733705238180153900,20.37715380859375,0.07876900081038475,-0.03410641387179494,-0.12240414439737796
1733705238190121000,20.387120849609374,0.06075199034363031,-0.010166589227318763,-0.12309037309587001
1733705238200088000,20.397088134765625,0.06882482216209172,0.013871873486042022,-0.10459668502807616
1733705238210054000,20.407053955078126,0.06117635323554277,0.028867928696423767,-0.0552472554475069
1733705238220021000,20.41702099609375,0.03012158201932907,0.028193244305253027,-0.013824527212977408
1733705238229987800,20.42698779296875,-0.008531389240920543,0.02927826306298375,0.02460778703391552
1733705238239955000,20.436954833984377,-0.014029402135312556,0.030631723498553035,0.06731120272874831
1733705238249920800,20.446920654296875,-0.027035598702728748,0.020122312182933092,0.06817629512548447
1733705238259887900,20.456887939453125,-0.055118076109886165,0.016156331161409614,0.02904021652340889
1733705238269855000,20.46685498046875,-0.04114887972921133,0.028545564874261617,0.02940262009501457
1733705238279821800,20.47682177734375,-0.0010717208847403526,0.006659604019671678,0.03755728497803211
1733705238289788000,20.486787841796875,0.004696048861742019,0.00957958311960101,0.04695698148608207
1733705238299754800,20.496754638671874,-0.004146306024491787,-0.009924451034516096,0.0538093315988779
1733705238309721900,20.506721923828124,0.0003901683613657951,-0.006162322022020816,0.06575462093651294
1733705238319688000,20.51668798828125,0.014729951620101928,-0.018599048138409853,0.06013619653284549
1733705238329655000,20.526655029296876,0.01689618974328041,-0.0001312251642346382,0.06856909383535385
1733705238339622100,20.5366220703125,-0.002236380749940872,0.006371434728056192,0.045022798553109165
1733705238349589000,20.546589111328124,-0.03464022848755121,0.01274520754367113,0.021943536260724067
1733705238359555000,20.55655517578125,-0.026602467982470988,0.031773294749110934,0.030187632992863655
1733705238369522000,20.56652197265625,-0.05714782837182283,0.05329159133508801,0.04627659800648689
1733705238379489000,20.576489013671875,-0.06906272257119417,0.05259469511210918,0.08027180658876895
1733705238389456100,20.5864560546875,-0.0684343615397811,0.06034428632557392,0.09961655852794647
1733705238399422000,20.596421875,-0.03826192611604929,0.07071195108294487,0.11043956583738326
1733705238409389000,20.60638916015625,-0.028357787217199802,0.030652474025636908,0.11109832200706005
1733705238419356000,20.61635595703125,-0.005033025731146335,0.031416298004984855,0.06599310586750506
1733705238429323000,20.626322998046874,0.011208791756629944,0.034138416445255275,0.01880582275688648
1733705238439288800,20.636288818359375,0.015494213990867136,0.011546791539341211,-0.053795887595415114
1733705238449256000,20.646255859375,0.028638942246139047,-0.014041092573106288,-0.10894552788734435
1733705238459223000,20.65622314453125,0.04930120652467012,-0.04081687129586935,-0.1446586463034153
1733705238469188900,20.66618896484375,0.09524754966348409,-0.04758490412607789,-0.1936620389252901
1733705238479156000,20.676156005859376,0.11041881531029939,-0.05927271157130599,-0.213752056273818
1733705238489122800,20.686122802734374,0.11244067652672529,-0.04629793305546045,-0.20210487309992312
1733705238499090000,20.69608984375,0.1316354986011982,-0.03537891802564263,-0.14751403573453425
1733705238509055700,20.7060556640625,0.10467822583168744,-0.045097178963571787,-0.12906243324279784
1733705238519022800,20.71602294921875,0.11855185288339852,-0.045798751361668104,-0.1051443820387125
1733705238528990000,20.725989990234375,0.08824906907826661,-0.010871668756753206,-0.05743336731493473
1733705238538956000,20.7359560546875,0.06569470744282006,-0.003892185132950544,0.014870236873626708
1733705238548923100,20.745923095703127,0.05905512329787015,0.0014864391654729843,0.050313306176662444
1733705238558890000,20.755889892578125,0.05403203443884849,0.006388239732384681,0.07526128495037555
1733705238568856800,20.76585693359375,0.04825345103740692,0.008219254551827907,0.09760814131498337
1733705238578823000,20.775822998046873,0.02355944702476263,0.023085107511281965,0.11280220331549644
1733705238588790000,20.7857900390625,-0.03440262033939361,0.036558483199030156,0.08137889104783534
1733705238598757000,20.795757080078126,-0.03915682912915945,0.0026670272521674633,0.016599837145209313
1733705238608724000,20.805723876953124,-0.04090104244798422,0.006522387506067752,-0.02972293809056282
1733705238618690000,20.81568994140625,-0.00886924289315939,-0.024300182389467954,-0.05735445685982704
1733705238628657000,20.825656982421876,0.04580108944922685,-0.027273352981358766,-0.05796878936588764
1733705238638624000,20.8356240234375,0.061359308587014674,0.016102262886613608,-0.011261983248591423
1733705238648591000,20.845591064453124,0.05962298631370067,0.05630450941547751,0.09565116202831268
1733705238658557000,20.855556884765626,0.0534501428976655,0.08497019353806971,0.13815642480254173
1733705238668524000,20.86552392578125,0.034060967294871805,0.07175444587320089,0.1091957032561302
1733705238678491000,20.875490966796875,-0.015234101749956607,0.020414134736359116,0.06758183636367321
1733705238688457000,20.88545703125,-0.043351942731440066,-0.03118351216241717,-0.0045662850022315975
1733705238698423800,20.895423828125,-0.001040156702697277,-0.03531491287872195,-0.07297872697114945
1733705238708391000,20.905390869140625,0.03769230953454971,-0.04910626847445965,-0.11885375843942164
1733705238718358000,20.91535791015625,0.06308627851009369,-0.023962913259118795,-0.0951186625868082
1733705238728323800,20.92532373046875,0.06242080033868551,-0.0189301797889173,-0.042999768292903896
1733705238738291000,20.935291015625,0.04815671266466379,0.0048471477702260015,0.025699089401960373
1733705238748257800,20.9452578125,0.07075520570278167,0.036005671621859074,0.0751759447544813
1733705238758224100,20.95522412109375,0.08172346670180558,0.05803849360123276,0.05664484728574753
1733705238768191000,20.96519091796875,0.05632014537602663,0.029516455733031032,-0.00611819061934948
1733705238778157800,20.97515771484375,0.08140724035948514,-0.0010744973637163639,-0.08867606231868266
1733705238788125000,20.985125,0.08765314901173114,-0.03070756521373987,-0.15749065534770487
1733705238798091000,20.995091064453124,0.06989625078588724,-0.044348552553355694,-0.1709533635109663
1733705238808058000,21.00505810546875,0.06271247676163912,-0.03794102359861135,-0.1676151589989662
1733705238818025000,21.01502490234375,0.03811988729685545,-0.040665626256912946,-0.13169395079016685
1733705238827992000,21.024991943359375,0.04325578888058662,-0.0406153573743999,-0.07395604757070541
1733705238837958000,21.0349580078125,0.0354968453168869,-0.02086173237338662,-0.017183189991116524
1733705238847925000,21.044925048828127,0.03668663962334394,-0.005990910977870225,0.01188683714866638
1733705238857892000,21.05489208984375,0.050048810021579265,0.0038680736050009726,0.026961072161793706
1733705238867858000,21.06485791015625,0.044082302832603455,0.016321312464773655,0.06857084740102291
1733705238877825000,21.074824951171873,0.03599222761839628,0.03023702509254217,0.08998013065457343
1733705238887791900,21.0847919921875,0.0399909418657422,0.03411985787525773,0.11065525441467762
1733705238897759000,21.094759033203125,0.05650134716182947,0.025051000756770372,0.11164075832068919
1733705238907724800,21.104724853515624,0.05222381597310304,0.00829582691937685,0.11655951002240181
1733705238917692000,21.11469189453125,0.040026013179123396,0.003267915754765272,0.1103641625136137
1733705238927659000,21.124658935546876,-0.008570552207529544,-0.011470073041319846,0.07343933022022246
1733705238937625900,21.1346259765625,-0.059740475213527676,0.013089052545279263,0.035600890213251114
1733705238947592000,21.144592041015624,-0.063203182888031,0.06952347195073962,0.006108253747224807
1733705238957558800,21.154558837890626,-0.06371405501961708,0.1012431368164718,-0.010132102435827255
1733705238967526000,21.16452587890625,-0.0635480508029461,0.09685235451161861,0.014988310295343399
1733705238977492000,21.174491943359374,-0.04617927511185407,0.06659165628254413,0.06327800168991088
1733705238987459000,21.184458984375,-0.06478986755758523,0.027870149830728767,0.08859422925412655
1733705238997426000,21.194426025390626,-0.05159340911507606,0.017440818013995885,0.07901274643838405
1733705239007390000,21.204389892578124,-0.021525603109598158,0.01763210280239582,0.030234979265928268
1733705239017356000,21.21435595703125,-0.0033408348605036735,-0.0019189853638410567,-0.025503274568915366
1733705239027323000,21.224322998046876,0.016411621096730233,-0.02954904282838106,-0.0543541060000658
1733705239037290000,21.2342900390625,0.03780541452020406,-0.028187837477773425,-0.07684300118386744
1733705239047256800,21.2442568359375,0.06233809049129486,-0.044431554661691186,-0.04921382050216198
1733705239057223200,21.25422314453125,0.07060936749130486,-0.014168079953640698,-0.0015776245802640915
1733705239067190300,21.264190185546877,0.0493807015016675,0.0033051790252327917,0.011979191607236862
1733705239077157000,21.2741572265625,0.03728519003838301,0.009912468335777521,0.019522446593642235
1733705239087123200,21.284123291015625,0.0032476036190986633,0.028393589182943105,0.009191022193431854
1733705239097090000,21.294090087890623,0.0079167644739151,0.03759308694377541,0.032033553120493885
1733705239107057200,21.30405712890625,0.052031800532341,0.02785071447789669,0.04104629613757133
1733705239117024300,21.314024169921876,0.04408580996394157,-0.014934095890074968,0.02392272737920284
1733705239126990000,21.323989990234374,0.06083236210346222,-0.0284624166354537,0.007545008552074432
1733705239136957200,21.333957275390624,0.03853197522908449,-0.05420958296284079,-0.026255554240942
1733705239146924000,21.343924072265626,0.029347967298328875,-0.04842310851588845,-0.07667056722640991
1733705239156891100,21.35389111328125,0.05184592257142066,-0.025739275281876323,-0.14421148705780507
1733705239166857000,21.36385693359375,0.08471504973322153,0.0049628831043839455,-0.1660077238023281
1733705239176824000,21.373823974609376,0.10571984383910894,0.02182853157892823,-0.11167816772162914
1733705239186791200,21.383791259765626,0.07651362309902907,0.010646043307334183,-0.04505670082271099
1733705239196757000,21.393757080078124,0.05384498743414878,0.01939589760452509,0.01916004302203655
1733705239206724000,21.40372412109375,0.04063479272723198,0.013480828341841698,0.04517477424442768
1733705239216691000,21.41369091796875,0.048373862546682356,0.004951923318952322,0.02740063262283802
1733705239226658000,21.423657958984375,0.026880115880072115,0.0016093348927795886,0.018337620723247527
1733705239236624100,21.4336240234375,0.008735971902310848,-0.007439940742403268,0.0004021510601043701
1733705239246591000,21.443591064453123,0.012548515927791595,0.022555676809698343,0.02450491118133068
1733705239256558000,21.45355810546875,0.0413289124712348,0.029677637644112107,0.035031565892696376
1733705239266524200,21.463524169921875,0.006589023001492023,0.03955971084162593,0.04631751453876495
1733705239276491300,21.4734912109375,-0.016423311534523963,0.05290522236600518,0.04632335975766182
1733705239286458000,21.4834580078125,-0.027416122452914714,0.04969020584225654,0.03928688524961471
1733705239296425200,21.49342529296875,-0.027304771032929418,0.015137947899103164,0.024743396112322805
1733705239306391000,21.50339111328125,-0.0149511931553483,-0.004077186311036348,0.010261866295337676
1733705239316358100,21.513358154296874,-0.020332301671802996,-0.02300268992483616,-0.016215806263685226
1733705239326325200,21.5233251953125,-0.004178162467479705,-0.010066635984182358,0.003950783452391624
1733705239336292000,21.5332919921875,0.0013747954845428467,0.026130612687021493,0.014441197806596756
1733705239346258200,21.543258056640624,-0.005544482384622097,0.02952610034421086,0.0014268179327249525
1733705239356225000,21.55322509765625,0.001061199490725994,0.03753302731961012,0.001758241844177246
1733705239366192000,21.563192138671877,0.011288871255517006,0.024157997439801692,-0.02513619482219219
1733705239376158000,21.573157958984375,0.03971154040247202,0.023485212744772433,-0.024167057529091835
1733705239386125000,21.583125,0.08339870643764734,0.02022255768701434,-0.03504968607127666
1733705239396092200,21.593092041015623,0.07549538596719503,0.001854395695030689,-0.031797990798950196
1733705239406059000,21.60305908203125,0.03680149817466736,-0.019702479335665702,-0.02610650115907192
1733705239416025000,21.613025146484375,-0.011977438041567801,-0.01684665151312947,-0.015853402692079542
1733705239425992000,21.622991943359374,-0.0390349563151598,0.0007208616204559803,-0.02451192544400692
1733705239435959000,21.632958984375,-0.018293781581521035,0.03127498983815312,0.01291734924018383
1733705239445925000,21.642925048828126,-0.007140227143466472,0.03980769425332546,0.04170739039480686
1733705239455892000,21.65289208984375,0.01826426322609186,0.02383811783567071,0.06430734473764896
1733705239465859000,21.662859130859374,0.014894786792993544,0.00486921347156167,0.10813596507012843
1733705239475826000,21.672825927734376,-0.0015410919621586798,-0.02154898398518562,0.11704933936595915
1733705239485792300,21.682792236328126,0.05026742120832205,-0.0284036721855402,0.1306850660085678
1733705239495759000,21.692759033203124,0.09111848703473806,-0.015397914009541273,0.13234277008771897
1733705239505726200,21.702726318359375,0.11301350797861814,-0.010813801089674233,0.08882160826921462
1733705239515693000,21.712693115234377,0.08989829759001731,-0.005920622220635414,0.011829554003477096
1733705239525659100,21.7226591796875,0.07865794165134429,-0.017088351314514874,-0.09821429051458835
1733705239535626200,21.732626220703125,0.08565612997561693,-0.03214724262803793,-0.21014789430201053
1733705239545593000,21.742593017578123,0.08353490003794431,-0.03599602701067924,-0.2525081956475973
1733705239555559200,21.75255908203125,0.08790069403201341,-0.018438596879690884,-0.20804361549913883
1733705239565526000,21.762526123046875,0.09034867170602083,0.012469020950794218,-0.10237550184726714
1733705239575493000,21.7724931640625,0.1006239820048213,0.014921382538974284,-0.022687048104405402
1733705239585460000,21.7824599609375,0.072716568903625,0.012327420523017643,-0.0030775077491998672
1733705239595426000,21.792426025390625,0.037543548713624475,0.015588468145579099,0.0027852468043565747
1733705239605393200,21.80239306640625,0.035112814435362814,-0.009698971715569495,-0.01956044051647186
1733705239615360000,21.812360107421874,0.02752396674156189,-0.002765373060107231,-0.03748071261048317
1733705239625326000,21.822326171875,0.04371493082493543,0.02150806745290756,-0.009894786548614502
1733705239635293000,21.83229296875,0.05831541084647178,0.03180266697406769,0.05087386266887187
1733705239645260000,21.842260009765624,0.0021320435926318166,0.037414807767421,0.12222411165535449
1733705239655227100,21.85222705078125,-0.029774668277800082,0.022617489999532697,0.09211889624893664
1733705239665193000,21.86219287109375,-0.05092500833421945,0.01783463963717222,0.08647650644779205
1733705239675160000,21.87216015625,-0.08556231421232223,0.047143297838419675,0.0824222626209259
1733705239685127000,21.882126953125,-0.11474632312059402,0.04698065462261438,0.028519992041587828
1733705239695094000,21.892093994140627,-0.09903817411810159,0.0015242869578301905,-0.02789455361962318
1733705239705060000,21.90206005859375,-0.05971826338171959,-0.04594634313881397,-0.05550678316652775
1733705239715027200,21.912027099609375,0.023213410066068172,-0.03199848180711269,-0.02244797865152359
1733705239724994300,21.921994384765625,0.08513444418907165,-0.030710633953660724,-0.00995674586892128
1733705239734960000,21.931960205078123,0.12203414204120636,-0.04157879557907581,-0.0032429274439811705
1733705239744927200,21.94192724609375,0.136399059741199,-0.03732596044018864,0.0025607903987169265
1733705239754894000,21.95189404296875,0.11282236932069062,0.0011178981140255928,-0.03679799104332924
1733705239764861200,21.961861083984374,0.12236761177927255,0.03756649119779468,-0.0831020615786314
1733705239774827000,21.971826904296876,0.1306546708703041,0.024966975735127923,-0.11256079577505587
1733705239784794000,21.981794189453126,0.11174217286854982,-0.010112520952522753,-0.08782675201296807
1733705239794761200,21.99176123046875,0.04757628242820501,-0.01696706302240491,-0.015258943930268287
1733705239804727000,22.00172705078125,0.008893792812526226,0.008357640109211206,0.036197687062621116
1733705239814694100,22.011694091796876,0.0006529109507799148,0.016780308278650045,0.05577624775767326
1733705239824661000,22.021660888671875,-0.0005491583153605461,0.012460837644338607,0.013725158491730689
1733705239834628000,22.031628173828125,0.014120587550103664,-0.0002573357619345188,-0.047532151025533674
1733705239844594000,22.041593994140626,0.02920388265252113,0.015203122089803218,-0.057062780436873434
1733705239854561000,22.05156103515625,0.017860943122208116,0.03559986729994416,-0.030285832670331
1733705239864528100,22.061528076171875,0.030713410432636735,0.06961845675781368,0.019056582647562027
1733705239874495000,22.071494873046873,0.05831862571686506,0.07723229276239872,0.05919570081233978
1733705239884461000,22.0814609375,0.02536532740294933,0.07000146472603082,0.07746259438693523
1733705239894428000,22.091427978515625,-0.03632072892040014,0.029066812269389626,0.07533551923036574
1733705239904395000,22.10139501953125,-0.03988865053504705,-0.006651566843688487,0.054961424243450165
1733705239914361000,22.111361083984374,-0.03229834153652191,-0.024283377385139464,0.044536476340889926
1733705239924328200,22.121328125,0.018651801238954067,-0.015575024142116308,0.06973521500527859
1733705239934295300,22.13129541015625,0.034684067629277705,-0.017305647327005864,0.11375322043001651
1733705239944262100,22.14126220703125,-0.006626432402431964,-0.012758067025244235,0.09965513697266579
1733705239954228200,22.151228271484374,-0.05339607462286949,-0.016183657559752464,0.04257657444477081
1733705239964195000,22.161195068359376,-0.06276712955832481,0.014951485416293143,-0.03428454691767693
1733705239974162200,22.171162109375,-0.018164894504845142,0.03346110170558095,-0.08682663505971432
1733705239984128000,22.1811279296875,0.024554303281009195,0.014256342758983373,-0.06169044023752212
1733705239994095000,22.19109521484375,0.03824088332802057,-0.0014426000237464905,-0.03110708592534065
1733705240004066000,22.201066162109374,0.050771863599121565,-0.02280672896131873,-0.011860533663630485
1733705240014033200,22.211033203125,0.03909136267751455,-0.024218787716329095,0.008643909704685211
1733705240023999000,22.2209990234375,0.04528758696913719,0.0004224631957709789,0.030540099692344665
1733705240033966000,22.230966064453124,0.06458236228674649,0.039924306370317936,0.0416273108959198
1733705240043933200,22.24093310546875,0.034515725325047965,0.037591333378106356,0.04146481381058693
1733705240053900000,22.250900146484376,-0.0007598784565925597,0.046643677753210065,0.06085223584771156
1733705240063866000,22.2608662109375,-0.03164426154196262,0.025780337944626808,0.06586684913933277
1733705240073833000,22.2708330078125,-0.08376111000925301,0.009950316128134728,0.06588964549303054
1733705240083800000,22.280800048828127,-0.08880787200480698,-0.005739274304360151,0.051993806609511375
1733705240093766000,22.290765869140625,-0.07720978866964578,0.021299100877344608,0.04287877226173877
1733705240103733000,22.30073291015625,-0.07800824557095766,0.04921542793735861,0.03785071496665478
1733705240113700000,22.3107001953125,-0.05259294154644012,0.02727028424143791,0.024252397724986077
1733705240123667000,22.3206669921875,-0.021627309918403625,0.02723565131947398,0.006952303355932235
1733705240133633000,22.330633056640625,0.061057695291936394,0.010400105722248554,-0.013228314885497092
1733705240143599900,22.340599853515624,0.11483254009932278,-0.007677256629616022,-0.06485211913883686
1733705240153567000,22.35056689453125,0.10891834761947393,0.00498100328296423,-0.06122749890089035
1733705240163533000,22.360532958984376,0.09257043940871953,0.008447071958333253,-0.02965922520458698
1733705240173500200,22.370500244140626,0.07578092491030693,-0.008635726398229598,-0.007200140637159347
1733705240183467300,22.38046728515625,0.0684296853646636,-0.022797084350138903,-0.016683423775434494
1733705240193434000,22.39043408203125,0.07198007132261991,-0.03437748589813709,-0.030767478707432745
1733705240203400200,22.400400146484376,0.060685062587261196,-0.03703019236400723,-0.027100772893428802
1733705240213367000,22.410366943359374,0.04347176971882581,-0.008825403751432896,-0.022038813328742978
1733705240223334100,22.420334228515625,0.07898293582201003,0.025841566612571476,-0.0038753801286220547
1733705240233300000,22.430300048828126,0.08235650390833615,0.021124913354218004,0.0040355391263961786
1733705240243267000,22.44026708984375,0.08810527669340372,-0.009217910200357437,-0.007075052952766418
1733705240253234200,22.450234130859375,0.03713467565178871,-0.037634880258888004,-0.043754970574378965
1733705240263201000,22.460200927734373,0.03848492121696472,-0.06123538994640112,-0.07718553101122379
1733705240273167000,22.4701669921875,0.08799275622963905,-0.08184197851493955,-0.10792553718984127
1733705240283134000,22.480134033203125,0.12156067931056022,-0.04030234590247273,-0.10113689996302128
1733705240293101000,22.49010107421875,0.14035101223737,-0.030999095506221055,-0.09438158048391342
1733705240303067000,22.50006689453125,0.1539931686207652,-0.011498276222497224,-0.045428456744551655
1733705240313034000,22.510033935546875,0.11468845545351504,0.00984933997169137,-0.006631985360383987
1733705240323001000,22.5200009765625,0.06260726282149554,0.023957360301166773,-0.0011959317862987517
1733705240332968000,22.529968017578124,0.01597235289663076,0.03777238903343677,0.007927870389819144
1733705240342934000,22.53993408203125,-0.03704202893227339,0.06279927826225758,0.020637714359164238
1733705240352900900,22.54990087890625,-0.06824526870846748,0.07287658177092671,0.02686813318133354
1733705240362868000,22.559867919921874,-0.08892769899219274,0.06773118170648813,0.03885492357313633
1733705240372835000,22.5698349609375,-0.08570143042206764,0.0316650120690465,0.03584580488502979
1733705240382801200,22.57980126953125,-0.06824409966468811,0.023960429041087625,0.055621933978796
1733705240392768300,22.589768310546877,-0.04038870901167393,0.006133534318953752,0.07023205861151217
1733705240402735000,22.599735107421875,-0.02971592382788658,-0.015236001446098088,0.08089432240128516
1733705240412701200,22.609701171875,0.00027618659287691113,0.0017475743196904657,0.09484802895188331
1733705240422668000,22.61966796875,0.027875848919153214,0.025578531762212513,0.08341185818016529
1733705240432635100,22.62963525390625,0.038517946703732014,0.025224896018952128,0.10163140548169612
1733705240442602200,22.639602294921875,0.04228811289221048,-0.011767886944115161,0.06244388895332813
1733705240452568000,22.649568115234374,0.026211715099215507,-0.047587388344109055,0.027898060750961302
1733705240462535200,22.65953515625,0.023139175786077975,-0.06376724651157856,-0.02566518713235855
1733705240472502000,22.669501953125,0.03523585629314184,-0.02249050261899829,-0.0917944866001606
1733705240482468000,22.679468017578124,0.04190583557635545,0.006808657101541757,-0.11829963168799877
1733705240492435000,22.68943505859375,0.06934095499068499,0.016679770513623952,-0.1250339083790779
1733705240502402000,22.699402099609376,0.07156184591054916,-0.002457768415659666,-0.09637070847451687
1733705240512369200,22.709369140625,0.050942836251854896,0.00803410724326968,-0.05300561400055885
1733705240522335000,22.7193349609375,0.009203881675004959,0.015439707324653863,-0.008281506133079528
1733705240532302000,22.729302001953126,0.0033285599008202552,0.014239245493710041,0.013503624695539474
1733705240542269000,22.73926904296875,0.0018608254358172416,-0.002347439908981323,0.008425883039832115
1733705240552235000,22.749235107421875,0.027411446277797222,0.0162649061024189,0.00993102690577507
1733705240562201900,22.759201904296877,0.026103578549623488,0.014061550839245318,-0.018100304836034774
1733705240572169000,22.7691689453125,0.06595745003223419,-0.00395925901979208,-0.01914016927778721
1733705240582136000,22.779135986328125,0.0469578582689166,-0.03053703095242381,-0.02394727729856968
1733705240592102100,22.78910205078125,0.043402503874897955,-0.031953473621606825,-0.022348025408387182
1733705240602069200,22.7990693359375,0.06558306376188994,0.0011263736814260481,-0.01109656355381012
1733705240612036000,22.8090361328125,0.045668695241212844,0.026634908947348594,-0.00043722237348556514
1733705240622002200,22.819002197265625,0.03440174355655908,0.04343143770843744,-0.0018453356057405472
1733705240631969000,22.828968994140624,0.04178746989369392,0.04094561224207282,0.018343465942144394
1733705240641936100,22.83893603515625,0.019380700035393238,0.033005613023042675,0.05073708454668521
1733705240651903200,22.8489033203125,0.015411796404421328,0.006023644203692675,0.06981178737282752
1733705240661869000,22.858869140625,0.03335486485213041,-0.015444237369298935,0.05240355645418167
1733705240671836200,22.868836181640624,0.034956747090816497,-0.023152473659068345,0.017664836028218268
1733705240681803000,22.878802978515626,0.05215922630429268,-0.034036125114560126,-0.02074000568985939
1733705240691769000,22.88876904296875,0.05870587146878242,-0.05371653874889016,-0.07269991002976894
1733705240701736000,22.89873583984375,0.07555646850466728,-0.04081891712248325,-0.1222018998235464
1733705240711703000,22.908703125,0.072701663595438,-0.027077099756896494,-0.12142448571026325
1733705240721670100,22.918670166015627,0.10966127494126558,-0.03253361159712076,-0.03647241235077381
1733705240731636000,22.928635986328125,0.11250029775947332,-0.03155059190914035,-0.01045125138759613
1733705240741603000,22.93860302734375,0.12141074944585561,-0.0010205752193927764,0.010392214676737784
1733705240751570000,22.94856982421875,0.10252338588535785,0.004819967502355575,0.007998013016581535
1733705240761536000,22.958535888671875,0.05088876797705889,0.02793956180512905,-0.014535890352725981
1733705240771502800,22.9685029296875,0.016309914287924766,0.060442047611624,-0.03588730593919754
1733705240781470000,22.978469970703124,-0.013652970038354396,0.04936740362867713,-0.050471711608767504
1733705240791437000,22.98843701171875,-0.04093026854246855,0.05101224822625518,-0.03874386441409588
1733705240801403100,22.998403076171876,-0.05916062949895858,0.052562400277703994,0.004732289218902588
1733705240811370200,23.008370361328126,-0.05877981348782777,0.03121361503973603,0.05346212559640407
1733705240821337000,23.018337158203124,-0.03678396251797676,0.010611848776787518,0.09712591075599193
1733705240831304200,23.02830419921875,-0.019688743071258067,0.021787322785705325,0.11076514452993869
1733705240841270000,23.03827001953125,0.016275135235488413,0.02949921233728528,0.09162672881782054
1733705240851237000,23.048237060546874,0.02396715104281902,0.02599792621806264,0.09170154761970042
1733705240861204200,23.058204345703125,0.0152867087200284,0.008197627241909504,0.08783025914430617
1733705240871170000,23.068170166015626,0.009177285929024219,-0.005298983190953731,0.03596680091619491
1733705240881137200,23.07813720703125,0.016314005941152572,-0.027331659039855002,-0.02076689369678497
1733705240891104000,23.08810400390625,0.03187485542744398,-0.007037497421354055,-0.0825485193490982
1733705240901071000,23.098071044921873,-0.0030459435671567913,-0.0010119535215198992,-0.1399269416064024
1733705240911037000,23.108036865234375,0.017338672813773156,0.010432985078543424,-0.1388677879422903
1733705240921004000,23.118004150390625,0.0332595877841115,0.026198855617642403,-0.10983458568155764
1733705240930971100,23.12797119140625,0.021958441568911073,0.01016980409771204,-0.039812370428442954
1733705240940937000,23.13793701171875,0.005126549233496189,-0.006106354051083326,0.014469254857301711
1733705240950904000,23.147904052734376,0.013192951311171054,-0.009569500117003917,0.014469254857301711
1733705240960871000,23.157870849609374,0.01675327414125204,-0.005361965424567461,-0.007584171518683433
1733705240970838000,23.167838134765624,0.0013435235634446144,0.004333499159663915,0.014470423901081084
1733705240980803800,23.177803955078126,0.01972732151597738,-0.010218903936445712,0.052392450538277624
1733705240990771000,23.18777099609375,0.05359276623874903,-0.03301014306768775,0.07514145796298981
1733705241000738000,23.197738037109374,0.03775046946257352,-0.029571693051606417,0.06948036346137523
1733705241010700800,23.20770068359375,0.02320639580339193,-0.00604103372991085,0.020346622458100316
1733705241020668000,23.21766796875,0.01689355939477682,0.01866626815572381,-0.01972293760180473
1733705241030634800,23.227634765625,0.021696575762331485,0.05020239314809441,-0.0505418542355299
1733705241040601900,23.237601806640626,0.03134820120483637,0.05842179383039474,-0.05181435838937759
1733705241050567700,23.247567626953124,0.020590660347044466,0.05403554157018661,-0.04137362839579582
1733705241060534800,23.25753466796875,0.0040562896534800524,0.047854514847695824,0.028323592686653135
1733705241070502000,23.267501953125,-0.000358019657433033,0.025016075573861596,0.07147241406142711
1733705241080467700,23.2774677734375,-0.02177957787066698,0.026263153025507927,0.0970838251799345
1733705241090434800,23.287434814453125,-0.05699760624617338,0.031404753697663546,0.10223872372508049
1733705241100401700,23.297401611328127,-0.04790419920831918,0.024926059202849862,0.07945698307454585
1733705241110368800,23.30736865234375,-0.018823066152632236,0.006058861647546291,0.04671031324863434
1733705241120334600,23.31733447265625,0.01730535506606102,0.004735504089295864,0.03434358362853527
1733705241130301700,23.3273017578125,0.000187047004699707,0.01473535844758153,0.005030395382642746
1733705241140268800,23.337268798828124,0.00253448691368103,-0.002081482449173927,0.018001520636677742
1733705241150234600,23.347234619140625,0.018329437416791914,0.011332418136298655,0.0005289923101663589
1733705241160201700,23.35720166015625,0.005792027404904365,0.036546062108874316,-0.02876432219147682
1733705241170168600,23.36716845703125,0.011297639083862304,0.038779081857949496,-0.03758125037550926
1733705241180135700,23.3771357421875,0.027475743685662746,0.02690539645180106,-0.04551204337477684
1733705241190101500,23.3871015625,0.03940232832282781,0.01236526831537485,-0.028801731592416762
1733705241200068600,23.397068603515624,0.0718260498046875,-0.011531447839736938,-0.031787469404935834
1733705241210035700,23.40703564453125,0.04688216268420219,-0.003124123369902372,-0.01980418614447117
1733705241220001800,23.417001708984376,0.030642391023039815,-0.001663695428520441,-0.010150807136297225
1733705241229969000,23.426968994140626,0.04400193107277155,-0.014685089565068482,-0.03984861078560352
1733705241239935700,23.436935791015625,0.05861848544627428,0.0037830256700515743,-0.028815760117769238
1733705241249902800,23.44690283203125,0.026283319030702114,-0.007492986103892326,-0.004102759143710136
1733705241259868700,23.45686865234375,0.040675709259510036,-0.036584786684066055,-0.009581482815742491
1733705241269835800,23.466835693359375,0.041599546106159686,-0.010221972676366566,-0.017492402070760724
1733705241279803000,23.476802978515625,0.0705447778224945,0.02036196615770459,-0.0016296470284461973
1733705241289768700,23.486768798828123,0.07992664641290903,0.027141397164762018,-0.010101707297563552
1733705241299735800,23.49673583984375,0.051042204973101614,0.01406783444955945,-0.007456745746731758
1733705241309702700,23.50670263671875,0.045348669506609436,0.00490296961069107,-0.031207039168477058
1733705241319669800,23.516669677734374,0.052878188228607174,-0.0023038930281996726,-0.04700900393426418
1733705241329635600,23.526635498046875,0.052634150339663024,-0.012794891904294491,-0.0987006127268076
1733705241339602700,23.536602783203126,0.03755670045614242,-0.014079671017825602,-0.1183195054322481
1733705241349569800,23.54656982421875,0.03365998527854681,-0.01444251298084855,-0.11543898155987262
1733705241359535600,23.55653564453125,0.029328093554079532,-0.012760697373747824,-0.07195698270797729
1733705241369502700,23.566502685546876,0.02582330030351877,-0.015507657994329929,-0.020041502031683922
1733705241379469600,23.576469482421874,0.019501403805613517,-0.02840586414262652,0.02793605467379093
1733705241389436700,23.586436767578125,0.016147417202591895,-0.008281506133079528,0.04144610911011696
1733705241399402500,23.596402587890626,0.029819091941416263,0.020203999117016792,0.07464812148809433
1733705241409369600,23.60636962890625,0.028493980817496774,0.03425853569358587,0.060868017938733095
1733705241419336700,23.616336669921875,-0.005440145227313041,0.02978241319283843,0.060568742731213564
1733705241429302800,23.626302734375,-0.03301905702650547,0.030837475203722712,0.0597480739980936
1733705241439270000,23.636269775390623,-0.03683189331293106,0.03306844912618399,0.05410685324072838
1733705241449236700,23.64623681640625,-0.06349895096421242,0.0209257375203073,0.06183247905671596
1733705241459203800,23.656203857421875,-0.020943127046525477,0.027572335927933452,0.04895779991447925
1733705241469169700,23.666169677734374,0.0170905432716012,0.041095542106777426,0.05154430927634239
1733705241479136800,23.67613671875,0.029904432137310505,0.026390724927932024,0.04768821837007999
1733705241489104000,23.686103759765626,0.023468261609971522,0.004259849401563405,0.036304070046544075
1733705241499069700,23.696069580078124,0.009411679206788539,-0.0037304186999797817,0.026290041032433507
1733705241509036800,23.706036865234374,0.004859130468964576,0.005429769963771105,-0.002909749966859817
1733705241519003600,23.716003662109376,0.02929243771880865,0.015787790109962223,-0.028477906465530393
1733705241528970800,23.725970703125,0.044213235735893246,0.01993950296193361,-0.03350362567305565
1733705241538936600,23.7359365234375,0.035277065086364745,0.020353636720776558,-0.04147124355137348
1733705241548903700,23.745903564453126,0.039731998668611046,0.025752280893921852,-0.05426993484795093
1733705241558870800,23.755870849609376,0.057796063147485255,0.013111995029449462,-0.04309387631714344
1733705241568836600,23.765836669921875,0.028759353755414486,0.00566635519862175,-0.03144435505568981
1733705241578803700,23.7758037109375,0.031309038238227366,0.00238090378716588,-0.017610475492477417
1733705241588770600,23.7857705078125,0.047908583122491834,0.0006175473764538765,-0.006964578315615653
1733705241598737700,23.795737548828125,0.06610095015615225,-0.00395487510561943,-0.007981646403670311
1733705241608703500,23.805703369140623,0.058824237151443956,-0.012975363037735223,-0.023140052568912505
1733705241618670600,23.815670654296873,0.05743424409776926,-0.015611849021166562,-0.03614391104876995
1733705241628637700,23.8256376953125,0.036278643344342706,-0.01748743363469839,-0.04859188921153545
1733705241638603800,23.835603759765625,0.00025777415335178375,-0.016126958936452863,-0.04917115040421485
1733705241648571000,23.84557080078125,0.012029168228805065,-0.014129939900338648,-0.03834755857288837
1733705241658537700,23.855537841796874,0.0330003523260355,-0.0010189677841961383,-0.04127659776210785
1733705241668504800,23.8655048828125,0.04370879334509373,0.0062581836119294165,0.005680968245863914
1733705241678471000,23.875470947265626,0.04204202917665243,0.008124562005698681,0.02059270617365837
1733705241688437800,23.885437744140624,0.040406536929309365,0.0020863047547638415,0.010304536393284797
1733705241698404900,23.89540478515625,0.0220619019433856,-0.00426642527282238,-0.0039221418797969814
1733705241708370700,23.90537060546875,0.03396481344401836,-0.003017301994562149,-0.038887656798958774
1733705241718337800,23.915337890625,0.035498014360666276,0.004220101913064718,-0.04967851540446281
1733705241728304600,23.9253046875,0.050424657596647736,0.005362988337874412,-0.04593582174479961
1733705241738271700,23.935271728515627,0.055494508206844324,-0.0363454249702394,-0.03510404660701751
1733705241748237800,23.94523779296875,0.05880991636514663,-0.017099311099946498,-0.04133621899485588
1733705241758204700,23.95520458984375,0.043914252789318556,-0.019586451740562914,-0.046513913893699646
1733705241768171800,23.965171875,0.04294862262755632,0.000919160671532154,-0.052232876062393185
1733705241778137600,23.9751376953125,0.042542964436113835,0.018825696501135827,-0.06979074458479881
1733705241788104700,23.985104736328125,0.03680062139183283,0.037625966300070285,-0.07613806778490544
1733705241798071600,23.995071533203124,0.043993747766315934,0.03331482510268688,-0.04703180028796196
1733705241808038700,24.00503857421875,0.018812252497673033,0.04327390905916691,-0.0013256956458091735
1733705241818004700,24.015004638671876,0.006866086377203464,0.044930005703121424,0.04784662380218505
1733705241827971600,24.0249716796875,-0.019071487955749034,0.04520239290371537,0.09810089326798915
1733705241837938700,24.034938720703124,-0.03256371447443962,0.04004997857660055,0.1191910275697708
1733705241847904800,24.04490478515625,-0.07813421003818512,0.027568974927067755,0.14518880765736103
1733705241857872000,24.054871826171876,-0.10001754054427146,0.03299509162902832,0.11797171490788459
1733705241867838700,24.064838623046874,-0.09850333658903837,0.026460136902332305,0.09343874667584895
1733705241877805800,24.074805908203125,-0.05403115765601396,0.0064170274354517455,0.07985445795953273
1733705241887772000,24.08477197265625,-0.025027181489765644,-0.005056114345788955,0.04128244298100471
1733705241897738800,24.09473876953125,-0.011456629037857055,-0.0003099427320063114,-0.0011123451560735701
1733705241907705900,24.104705810546875,0.007662497451901435,0.016134849981963635,-0.03012099749743938
1733705241917671700,24.114671630859377,0.02530921330153942,0.008112287046015262,-0.0825181242108345
1733705241927638800,24.124638671875,0.05691577318161726,0.011318243480473757,-0.10768062251806258
1733705241937605600,24.134605712890625,0.06608136867284774,-0.020695143634825944,-0.11696107656061648
1733705241947571700,24.14457177734375,0.04884937110394239,-0.03622413667812943,-0.09205342979729175
1733705241957538800,24.154538818359374,0.05809416931122541,-0.016101970625668763,-0.04906126028895378
1733705241967505700,24.164505615234376,0.057820613066852086,-0.0025623978339135646,-0.04253390434682369
1733705241977472800,24.17447265625,0.05770516999363899,-0.0034783436350524425,-0.027770634979009626
1733705241987438600,24.1844384765625,0.03128624188452959,0.00959200420975685,0.01293254680931568
1733705241997405700,24.19440576171875,0.013088321892917155,0.009209142372012138,0.05151566770374775
1733705242007371800,24.204371826171876,0.002208323699235916,0.027002573215961456,0.03156184395551681
1733705242017337900,24.214337890625,-0.01617635103613138,0.017689239817112682,0.0209486800044775
1733705242027305000,24.224304931640624,0.010135901828110217,0.024264818815141916,-0.0068956047326326365
1733705242037272000,24.23427197265625,0.021188626240193843,0.005558218649029731,-0.013715221619606017
1733705242047239000,24.244239013671876,0.04346943163126707,0.012371698056161402,-0.016605682364106176
1733705242057205000,24.254205078125,0.044856794336438174,0.013077069846540688,-0.002682370951771736
1733705242067171800,24.264171875,0.034037878680229186,-0.0010622224040329456,0.02179214509129524
1733705242077139000,24.274138916015627,0.025265666420757768,0.01773512478545308,0.008388473638892174
1733705242087104800,24.284104736328125,0.008042728941142559,-0.0002479834116995335,-0.026954057899117468
1733705242097071900,24.29407177734375,0.01722907495945692,-0.004377338301390409,-0.049423079338669774
1733705242107039000,24.3040390625,0.04774520925432443,-0.0146015029348433,-0.058311903715133666
1733705242117005800,24.314005859375,0.04082417781949043,0.017171645683795214,-0.03771919754147529
1733705242126972000,24.323971923828125,-0.00575432574301958,0.01591784623041749,-0.028328853383660316
1733705242136938800,24.333938720703124,-0.040482817035913464,0.006964724446088076,-0.018880641558766363
1733705242146905900,24.34390576171875,-0.06897592107057571,-0.0031365444600582122,-0.010628361520171164
1733705242156871700,24.35387158203125,-0.054124681158363816,-0.009357318671047688,-0.02629997790455818
1733705242166838800,24.3638388671875,-0.038815760606527326,0.0002868541173636913,-0.022711598023772237
1733705242176806000,24.373805908203124,-0.005158990198373794,-0.02072232390269637,0.01711363188624382
1733705242186772700,24.383772705078126,-0.002669511470198631,-0.02306684120222926,0.08306114504635334
1733705242196739000,24.393739013671876,0.010829729311168193,-0.016576310139149425,0.1063420673906803
1733705242206706000,24.403705810546874,-0.010960954475402832,0.00599485650062561,0.10219897623658179
1733705242216673000,24.413673095703125,-0.031305823367834086,0.03896510594934225,0.075890815025568
1733705242226638800,24.423638916015626,-0.040107846243679524,0.05935834402814507,0.04066635690927505
1733705242236606000,24.43360595703125,-0.03194441353231668,0.06488061458095908,0.013217208969593048
1733705242246573000,24.443572998046875,-0.01802344020754099,0.07731427195742725,0.03801847274899482
1733705242256540000,24.453539794921873,-0.021821663446724412,0.048938802953064436,0.027834347864985464
1733705242266506000,24.463506103515623,-0.026504560565948486,0.019608079050481318,0.035787937217950816
1733705242276472800,24.473472900390625,-0.019474808059632778,-0.015122019677609204,-0.0027589433193206787
1733705242286440000,24.48343994140625,-0.014986848990619181,-0.010843903966993093,-0.04085866461098194
1733705242296405800,24.49340576171875,0.018962474623322487,0.006430471438914537,-0.05561258162856102
1733705242306372900,24.503372802734376,0.06880144128650427,0.023610446559637784,-0.055499184381961816
1733705242316340000,24.513340087890626,0.06506400832384825,0.03164323862865567,-0.0206610952347517
1733705242326305800,24.523305908203124,0.07710983542650937,0.01865735419690609,-0.012276128727197647
1733705242336273000,24.53327294921875,0.09671499186754226,0.00974544120579958,-0.020433131697773933
1733705242346239700,24.54323974609375,0.07133359011262655,0.011708411841839551,-0.04776303717195987
1733705242356206800,24.553206787109374,0.04510726196616888,-0.02443491468504071,-0.04956745624542236
1733705242366172700,24.563172607421876,0.05124941798299551,-0.02913081741631031,-0.035309798312187196
1733705242376139800,24.573139892578126,0.07422814251035452,-0.011988251696527003,-0.0560270076483488
1733705242386107000,24.58310693359375,0.0953752676963806,-0.017274521536380052,-0.05013853413164615
1733705242396073700,24.59307373046875,0.06848989111930132,-0.03370572411641478,-0.03496726848483085
1733705242406040000,24.6030400390625,0.07308774030357598,-0.04163125641867518,-0.04530746071338653
1733705242416007000,24.6130068359375,0.08419804012179374,-0.043788580583035946,-0.07082242572009563
1733705242425974000,24.62297412109375,0.0741354957908392,-0.021058423989266155,-0.11093991657495499
1733705242435939800,24.63293994140625,0.06533581100255251,-0.012797083861380815,-0.10904957278370857
1733705242445907000,24.642906982421874,0.031032559384405613,-0.0148019939430058,-0.08278934236764908
1733705242455874000,24.6528740234375,0.031520635162293906,-0.012534487402439117,-0.06451368096470833
1733705242465839900,24.66283984375,0.027049042706191538,-0.00002323474511504173,-0.02473755089342594
1733705242475807000,24.672806884765624,0.04166384351402521,-0.015022504825890064,0.0037830256700515743
1733705242485773800,24.68277392578125,0.015654665249586103,-0.013159633563458919,0.012494155392050742
1733705242495741000,24.692740966796876,-0.004428337836265564,0.0339130832567811,0.0029079964011907576
1733705242505706800,24.702706787109374,-0.0031140403673052784,0.05221826301515102,0.015906009662151336
1733705242515673900,24.712673828125,-0.007801029139757156,0.03503945693820715,0.010887304717302322
1733705242525641000,24.722640869140626,-0.039407589019834995,0.04747326044514775,0.019026187509298322
1733705242535606800,24.732606689453124,-0.05851210246235132,0.05409793928191065,0.05501870738863945
1733705242545574000,24.742573974609375,-0.05171148253679275,0.04968275318816304,0.08554068690240382
1733705242555540700,24.752540771484377,-0.03507131338119507,0.05337707766145468,0.11807400623857975
1733705242565507800,24.7625078125,-0.01776508153229952,0.05176292046308517,0.13014730587005616
1733705242575473700,24.7724736328125,-0.039973990730941295,0.02341039394289255,0.11917992165386676
1733705242585440800,24.782440673828123,-0.02609305715560913,0.03568637653961777,0.08633855928182602
1733705242595408000,24.792407958984374,-0.008223346205055713,0.04743249004334211,0.05188450101613998
1733705242605374000,24.8023740234375,-0.026467151165008543,0.0442358859591186,0.04265723846554756
1733705242615341000,24.812341064453125,-0.033739480255544185,0.026146540908515453,0.009261164820194245
1733705242625308000,24.822307861328124,-0.017001403683423996,0.02440451954677701,0.009804770177602767
1733705242635275000,24.83227490234375,-0.01850567076653242,0.007699468461424112,0.016861118429899215
1733705242645240800,24.84224072265625,-0.006792728880047798,-0.02402808744981885,-0.02918576247394085
1733705242655208000,24.8522080078125,0.03260550778955221,-0.03534048571139574,-0.042082653447985646
1733705242665175000,24.862175048828124,0.04133008151501417,0.0012733809366822241,-0.057957098928093906
1733705242675140900,24.872140869140626,0.04707739299535751,-0.006715279729664326,-0.059978960144519804
1733705242685108000,24.88210791015625,0.06550678365528582,-0.02980535567700863,-0.07006020917594433
1733705242695074800,24.89207470703125,0.04811930326372385,-0.039450989770144225,-0.05877309148609638
1733705242705042000,24.9020419921875,0.03847206173539162,-0.026317513561248777,-0.037405893808603284
1733705242715007700,24.9120078125,0.02840922514349222,-0.009992986226081848,-0.04471241742968559
1733705242724974800,24.921974853515625,0.047322015406191346,-0.00423003878518939,-0.05781447558701038
1733705242734942000,24.93194189453125,0.023171909011900423,-0.02490428576245904,-0.06590192045271397
1733705242744907800,24.94190771484375,0.02046323457509279,-0.0056426820620894425,-0.0722048199892044
1733705242754875000,24.951875,0.04404050951749086,0.022473113092780113,-0.06012918227016925
1733705242764841700,24.961841796875,0.039973406209051605,0.05094312851279974,-0.03307517112791538
1733705242774808800,24.971808837890624,0.005854863508045673,0.033694325939565895,0.00352875864803791
1733705242784774700,24.981774658203125,-0.00715600923448801,0.03639189446046948,0.049962008520960804
1733705242794741800,24.99174169921875,-0.042590895231068134,0.031098025836050508,0.08871113363206386
1733705242804708900,25.001708984375,-0.0406619729951024,0.037039544714242215,0.08499591250121594
1733705242814675000,25.011675048828124,-0.016509528513252734,0.027242081060260534,0.07063537871539592
1733705242824642000,25.02164208984375,0.01185030453056097,0.035364304978400464,0.045569326519966126
1733705242834609000,25.03160888671875,0.02027647983133793,0.04143836419507861,0.031982115194201466
1733705242844575000,25.041574951171874,0.010638006131350993,0.02495163203552365,-0.005782090532779693
1733705242854541800,25.051541748046876,0.00594429535716772,0.031011516596376895,-0.024187515795230864
1733705242864509000,25.061509033203127,0.005498305155336856,0.02907937949001789,-0.048598318952322
1733705242874476000,25.07147607421875,-0.008235036642849445,-0.00247851894274354,-0.03809855224788189
1733705242884441900,25.08144189453125,-0.0012207739666104315,0.008334551494568587,-0.04792494973540306
1733705242894409000,25.091408935546873,0.018825111979246138,0.007209785248339175,-0.07091711826622486
1733705242904375800,25.101375732421875,0.05593991388678551,0.006391308472305536,-0.04502981281578541
1733705242914342000,25.111341796875,0.057280514840781685,-0.017480711632966994,-0.03223638221621513
1733705242924308700,25.121308837890624,0.04080050468295812,-0.038648879607021805,-0.04047112659811973
1733705242934275800,25.13127587890625,0.033675767369568343,-0.05150383113548159,-0.03774900815784931
1733705242944243000,25.141242919921876,0.04450461989790201,-0.05365954786464572,-0.028628713113069533
1733705242954208800,25.151208740234374,0.05146481429934501,-0.04066796434447169,0.0022135843962430954
1733705242964176000,25.16117578125,0.06014964053630829,0.004908522568643093,0.012726210582256316
1733705242974142700,25.171142822265626,0.03690905020236969,0.025020897879451512,-0.002585340318083763
1733705242984108800,25.18110888671875,0.030692367644608018,0.009724836809188127,-0.02346095508635044
1733705242994075600,25.19107568359375,0.026635785730183124,0.018411124350875614,-0.03882628200054168
1733705243004042800,25.201042724609376,-0.011270751076936722,0.041306554508954284,-0.035945758128166194
1733705243014009900,25.211009765625,-0.023178046491742134,0.03588876724392175,-0.010536007061600685
1733705243023976200,25.22097607421875,0.00048310734182596205,0.009184592452645302,0.0007616320222616196
1733705243033943000,25.230943115234375,0.010989888308942318,0.009676906014233827,0.024227263283729553
1733705243043910100,25.24091015625,-0.003304594503343105,0.024576661243289707,0.05757072995901107
1733705243053876000,25.2508759765625,0.007385726337134838,0.027537703005969524,0.059331894412636754
1733705243063843000,25.260843017578125,0.015513503213226794,0.039819823082536454,0.04390636174380779
1733705243073810200,25.27081005859375,0.007069499994814396,0.02190481168553233,0.013711714488267898
1733705243083777000,25.280777099609374,-0.01970949359834194,0.02593494398444891,-0.021098317608237264
1733705243093743000,25.2907431640625,-0.012370821273326874,0.009651040920615195,-0.057902738392353055
1733705243103710000,25.3007099609375,-0.004760346269607543,0.02739464127346873,-0.05927285770177841
1733705243113677000,25.310677001953124,0.017800152845680713,0.03173018625974655,-0.013233575582504271
1733705243123643000,25.320642822265626,0.03521481350511312,0.015141455030441283,0.037058103284239766
1733705243133610000,25.33060986328125,0.019985095669329166,-0.022108225303143263,0.050853988924622534
1733705243143577000,25.3405771484375,0.023914544072747228,-0.005151683674752712,0.038031916752457616
1733705243153544000,25.3505439453125,-0.018280629839003085,-0.02406973463445902,0.006205284380912781
1733705243163510000,25.360510009765626,-0.014022387872636318,-0.017343202858418224,-0.03438099302947521
1733705243173476900,25.370476806640625,-0.008387012334167956,-0.003268354146182537,-0.0712596480935812
1733705243183444000,25.38044384765625,-0.0007946575090289115,0.020342969196289775,-0.06557225010693073
1733705243193409800,25.390409912109376,-0.003493395073711872,0.041637686159461736,-0.02959258970916271
1733705243203377000,25.400376953125,-0.029882220305502413,0.020138386534899473,0.022902152159810066
1733705243213344000,25.410343994140625,-0.010228256286680698,-0.012843407221138477,0.04517652781009674
1733705243223310800,25.420310791015623,-0.01942979987412691,-0.022564006246626377,0.06611176381111145
1733705243233277200,25.430277099609373,-0.019749825608730315,0.004933510879427195,0.047854807108640665
1733705243243244000,25.440244140625,-0.01752571981847286,-0.0008474106095731257,0.01064472813308239
1733705243253211100,25.450211181640626,-0.011663549786806105,0.012076952893286943,-0.015923545318841933
1733705243263177000,25.460177001953124,-0.02478109777420759,0.01876943626925349,-0.02457856093943119
1733705243273144000,25.47014404296875,-0.023073417073488235,0.03145765292868018,-0.004985971719026565
1733705243283111200,25.480111083984376,-0.017218845826387403,0.02354790271744132,-0.008095043650269508
1733705243293077000,25.490076904296874,-0.03933364700078964,0.020668401758372784,0.0382633874207735
1733705243303044000,25.500044189453124,-0.03407791842967271,0.033046383424848315,0.03820493523180485
1733705243313011000,25.510010986328126,-0.032472821320593356,0.03020429186671972,0.04994797999560833
1733705243322978000,25.51997802734375,-0.055604398322105404,0.029154344422370193,0.03995674733519554
1733705243332944000,25.52994384765625,-0.03510901504307985,0.04753258941695094,0.03145896810293197
1733705243342911000,25.539910888671876,-0.00007481880187988281,0.05022650467604398,0.04149813155829906
1733705243352878000,25.549878173828127,-0.0017354454904794693,0.048709231980890035,0.03394318613409996
1733705243362844000,25.559843994140625,0.011284487341344357,0.03400499932393432,0.018206103298068047
1733705243372811000,25.56981103515625,0.015164835906028747,0.015850041691213845,0.00916588775217533
1733705243382777900,25.57977783203125,0.051665013046562666,0.009098813865333795,-0.005663432589173316
1733705243392745000,25.589744873046875,0.04683656997680664,0.01281710373610258,-0.021212883898615836
1733705243402711000,25.5997109375,0.05439940644651651,0.0009092237994074821,-0.04627016826570034
1733705243412678000,25.609677978515624,0.05202712435722351,-0.004003098161518574,-0.056820788374543185
1733705243422645000,25.61964501953125,0.06389438002258539,-0.0010961246736347675,-0.059064183387160296
1733705243432611000,25.629611083984376,0.07313333301097154,-0.01419131469875574,-0.07448562440276145
1733705243442578200,25.639578125,0.07089198382496834,-0.020331278758496045,-0.0627063392817974
1733705243452545000,25.649544921875,0.046718496555089944,-0.01877469696626067,-0.07487550050318241
1733705243462512000,25.65951220703125,0.09607698622494935,-0.025280571728944778,-0.06448211678266524
1733705243472478000,25.66947802734375,0.06074614512473345,-0.020133710359781978,-0.06580488981902599
1733705243482445000,25.679445068359374,0.04692044886797666,-0.016937252406030893,-0.08920505462884902
1733705243492412200,25.689412109375,0.05298018729835748,-0.03675780516341329,-0.08429039458036422
1733705243502378000,25.6993779296875,0.07536036141067742,-0.01723521243929863,-0.08393149814009666
1733705243512345000,25.709344970703125,0.0707014296889305,-0.008758914386481046,-0.08874035972654819
1733705243522312000,25.71931201171875,0.05342559297829866,-0.010681845273077487,-0.043102644145488735
1733705243532279000,25.729279052734373,0.04876052377671003,-0.005148761065304279,-0.01941314100027084
1733705243542244900,25.739244873046875,0.027350363740324974,-0.010693243449926376,0.014939210456609725
1733705243552212000,25.7492119140625,0.018346096290647984,0.016333879685401915,0.052556116667389866
1733705243562179000,25.759178955078124,-0.015985796900093555,0.025093086332827804,0.06644026511311531
1733705243572145000,25.769144775390625,-0.03472264607399702,0.04207417788058519,0.04350362616181373
1733705243582112000,25.779112060546876,-0.012108078683912754,0.03381970588490367,0.03076163348853588
1733705243592078800,25.789078857421874,-0.023366554801166055,0.018569675913453102,0.029615970584750174
1733705243602045200,25.799045166015624,-0.02238309672176838,0.038187399575114245,0.010724807631969452
1733705243612012000,25.809011962890626,0.0065688569962978356,0.03664528469964862,0.004653963285684585
1733705243621979000,25.818978759765624,-0.023437281949818135,0.03817702431157231,0.020572832429409025
1733705243631946000,25.828946044921874,-0.07551087579727173,0.034781975045800204,0.033632805010676385
1733705243641912000,25.838912109375,-0.060117491832375525,0.01953106829151511,0.01674187596440315
1733705243651879200,25.848879150390626,-0.019704525162279603,0.03792670281231403,0.022438041779398916
1733705243661846000,25.858845947265625,-0.025357728618383406,0.010324994659423827,0.0015565817922353743
1733705243671812000,25.86881201171875,-0.003973872067034244,-0.006617956835031509,0.011699205622076988
1733705243681779000,25.878779052734377,0.02347527587264776,-0.04069806722179055,0.017422843965888023
1733705243691746000,25.88874609375,0.015806640940904615,-0.037362493058294054,0.025441899770498273
1733705243701713200,25.898713134765625,0.005679214680194855,-0.007020984677970409,0.027755437409877775
1733705243711679000,25.908678955078123,0.003248480401933193,-0.015605711541324853,-0.021408698731660843
1733705243721646000,25.91864599609375,0.00772767164260149,0.0031388825476169582,-0.07079553771317004
1733705243731613000,25.928613037109375,0.007929623955488204,0.026717764925211666,-0.08730769657492637
1733705243741579000,25.9385791015625,0.031043957561254498,0.028617314936220644,-0.05100947174727916
1733705243751545900,25.9485458984375,0.05923515603989362,0.02457154667675495,-0.002326397120952606
1733705243761513000,25.958512939453126,0.018747662828862664,0.017769173185527325,0.04109948762953281
1733705243771480000,25.96847998046875,-0.018936463399231433,-0.002170329776406288,0.05558861623108387
1733705243781446000,25.97844580078125,-0.004010696946084499,-0.03197729288861155,0.028823358902335165
1733705243791413000,25.9884130859375,0.001589315018057823,-0.02518924018368125,-0.020929975304007527
1733705243801379800,25.9983798828125,0.01310644207149744,0.008488280751556158,-0.05367138443291187
1733705243811346200,26.00834619140625,0.04023381071090698,0.030764848358929155,-0.055933484145998955
1733705243821313000,26.01831298828125,0.0519467525973916,0.04000394747778773,-0.04311667267084122
1733705243831279900,26.02827978515625,0.04290273765921592,0.036116730780899525,-0.024815292304754256
1733705243841247000,26.0382470703125,0.0170142631649971,0.006709142249822616,0.007676525977253913
1733705243851213000,26.048213134765625,0.010178864187002182,-0.009724836809188127,-0.018908114087581633
1733705243861180200,26.05818017578125,0.050237318331003186,0.0035367958240211006,-0.0447989266693592
1733705243871147000,26.06814697265625,0.04740501751452684,0.0059549628816545006,-0.054748658275604246
1733705243881113000,26.078113037109375,0.05761076970845461,0.024675007051229474,-0.0756646050542593
1733705243891080000,26.088079833984374,0.06869681186825037,0.018289251536875963,-0.047585927039384836
1733705243901047000,26.098047119140624,0.04214081337600946,-0.008136398573964834,-0.01851005468070507
1733705243911014100,26.10801416015625,0.03308423121720552,-0.012505553568899631,0.022224691289663312
1733705243920980000,26.11797998046875,0.023777765950560567,-0.005113982012867928,-0.0009001637101173401
1733705243930947000,26.127947021484374,0.034274317784607405,0.002810673506557941,-0.039644028124213214
1733705243940914000,26.137913818359376,0.02655219909995794,0.003361731518059969,-0.06349485931098461
1733705243950880000,26.1478798828125,0.015051146398484707,-0.0036810266003012653,-0.06032616614699363
1733705243960846800,26.157846923828124,0.01509936945438385,-0.018706746296584604,-0.024310849913954734
1733705243970814000,26.16781396484375,0.06552694966048002,-0.005478139150142669,-0.0038899931758642195
1733705243980779800,26.17777978515625,0.05474748923182487,0.0011320727698504924,0.009847440275549887
1733705243990747000,26.187746826171875,0.02978869680315256,0.001366319917142391,-0.000054945057630538935
1733705244000714000,26.1977138671875,0.017872049038112164,-0.0033849662631750105,-0.041544308787584305
1733705244010680600,26.2076806640625,0.007185235328972339,0.007362637722492218,-0.06599895108640194
1733705244020646700,26.217646728515625,0.019980711755156515,0.04721197916045785,-0.04798047931492328
1733705244030613800,26.22761376953125,-0.0006193009421229362,0.044349429336190224,-0.011314590218663215
1733705244040580600,26.23758056640625,-0.013351356743276118,0.03539367720335722,0.03331307153701782
1733705244050546700,26.247546630859375,-0.016002455773949622,0.01048135426491499,0.05315642064809799
1733705244060513500,26.257513427734374,-0.019705694206058978,0.01699307424649596,0.05388415040075779
1733705244070480600,26.267480712890624,-0.008645371009409427,-0.0056948506407439705,0.037653731089830396
1733705244080447700,26.27744775390625,0.004914367787539959,0.01142155772447586,0.023051205241680143
1733705244090413600,26.28741357421875,0.016070552574098108,0.009645341832190752,-0.005870353338122368
1733705244100380700,26.297380615234374,0.002429272973537445,0.02206906233653426,-0.010250175857543944
1733705244110347500,26.307347412109376,0.004952946232259273,0.02601297765672207,0.008702361893653868
1733705244120313600,26.317313720703126,-0.0041352001085877416,0.024942133554816243,0.035324411359429354
1733705244130280400,26.327280517578124,0.0017959435060620308,0.029291122544556854,0.029222002831101417
1733705244140247600,26.33724755859375,-0.0049962008520960804,0.020146862102299927,0.014727613532543182
1733705244150214700,26.347214599609377,-0.02334463523030281,0.01557078635841608,0.003226560831069946
1733705244160180500,26.357180419921875,-0.03784662331342697,-0.0005085340440273285,0.003897591960430145
1733705244170147600,26.367147705078125,-0.032091713048517705,0.010329963095486163,-0.03502572067379951
1733705244180114400,26.377114501953123,-0.039461365033686156,0.018953706794977185,-0.05151157605051994
1733705244190080800,26.387080810546873,-0.031366613644361496,0.017885639172047375,-0.021208207723498344
1733705244200047600,26.397047607421875,0.006831015063822269,0.01656213548332453,0.007072714865207672
1733705244210014500,26.407014404296874,0.009096329647302627,0.0019426585003733633,0.03782733409106731
1733705244219981600,26.416981689453124,0.009802724350988863,0.006870616421848535,0.05935118363499641
1733705244229947600,26.42694775390625,-0.011503975310921668,-0.0070846975639462465,0.04660977548360824
1733705244239914800,26.436914794921876,-0.010278232908248901,0.009390344157814978,0.028241759622097014
1733705244249881600,26.446881591796874,0.01760463027358055,0.011246931809931993,-0.01788520078063011
1733705244259847700,26.45684765625,0.014704524917900561,-0.003709375911951065,-0.04284896164536476
1733705244269814500,26.466814453125,-0.006272796659171581,-0.016361352214217185,0.003894669350981712
1733705244279781600,26.47678173828125,-0.023510347186028957,-0.024124533561617135,-0.012813888865709304
1733705244289747700,26.486747802734374,-0.01751841329485178,-0.02290682833492756,-0.006972761622071266
1733705244299714600,26.496714599609376,-0.020078326910734176,-0.008440203826129436,-0.0064566287934780114
1733705244309681700,26.506681640625,-0.0263514158308506,0.008669336406886578,-0.004160042288899422
1733705244319648500,26.5166484375,-0.01759060174822807,0.011500175918638705,0.005826514196395874
1733705244329614600,26.526614501953127,-0.010783259820938109,0.0287945711992681,0.028075170883536338
1733705244339581400,26.53658154296875,-0.01726356175094843,0.02510667646676302,0.0344207405179739
1733705244349548500,26.546548583984375,-0.039565117669105525,0.02497749712914228,0.028397826966643332
1733705244359514600,26.5565146484375,-0.04108867397457361,0.030615795277059075,0.014711831441521644
1733705244369481500,26.5664814453125,-0.03718611357808113,0.040307022077590224,-0.006879822641611099
1733705244379448600,26.576448486328125,-0.03445873444080352,0.04763853400945663,-0.017535072168707845
1733705244389415400,26.58641552734375,-0.023824527701735494,0.03384279449954629,-0.04046469685733318
1733705244399381800,26.5963818359375,-0.01106295354515314,0.020080664998292922,-0.0444680872797966
1733705244409348600,26.6063486328125,0.02069499750435352,0.010237024115025996,-0.017339841857552527
1733705244419315500,26.6163154296875,0.04674100064784288,0.0011043079800903796,0.03457271620929241
1733705244429281800,26.62628173828125,0.09819383224844933,0.016688830602914095,0.07489011355042458
1733705244439248600,26.63624853515625,0.09754238260239362,0.04003624231219292,0.06270283215045928
1733705244449215700,26.6462158203125,0.06030278527140617,-0.000800210466980934,0.03278057209551334
1733705244459182600,26.6561826171875,0.054630584853887554,-0.014423223758488892,-0.019318448454141615
1733705244469148700,26.666148681640625,0.03636865971535444,-0.004803308628499508,-0.06145955409109592
1733705244479115800,26.67611572265625,0.06647621320933103,-0.021149755534529684,-0.10159341155886649
1733705244489082600,26.68608251953125,0.08484773620218038,-0.004157411940395832,-0.08596271170675754
1733705244499048700,26.696048583984375,0.08144260393381118,-0.000753594846278429,-0.05251812274456024
1733705244509015600,26.706015625,0.06374912633299827,-0.028465485375374553,-0.02205050376653671
1733705244518982700,26.715982666015623,0.04738660507500171,-0.037834932875633234,-0.03024316257238388
1733705244528949500,26.725949462890625,0.05334989739358425,-0.02980637859031558,-0.055467620199918743
1733705244538915600,26.73591552734375,0.08766454718858004,-0.016412059488147498,-0.0764098704636097
1733705244548882700,26.745882568359374,0.06622019262164831,0.000602057546377182,-0.08654548003077507
1733705244558849500,26.755849609375,0.056958443279564376,-0.0026047756709158417,-0.09391337845027446
1733705244568815600,26.765815673828126,0.04781710544675588,-0.018808014713972806,-0.08101356486678123
1733705244578782500,26.775782470703124,0.04717530041188001,0.006108692138642072,-0.04984510414302349
1733705244588749600,26.78574951171875,0.035194062978029246,0.010273410602658987,0.013846154522895813
1733705244598715600,26.795715576171876,0.03285246828794479,0.008676350669562816,0.017497662767767905
1733705244608682800,26.805682861328126,0.015738836401700974,-0.003375321651995182,0.020281740528345107
1733705244618649600,26.815649658203125,-0.019334522806107996,-0.001821370208263397,0.018556816431879997
1733705244628616400,26.825616455078126,-0.0384402052924037,0.011678747355937958,0.003993453550338745
1733705244638582800,26.835582763671876,-0.028582828144729136,0.03444046813175082,0.01865735419690609
1733705244648549600,26.845549560546875,-0.03928074776977301,0.054581192754209036,0.028410686448216437
1733705244658516700,26.855516845703125,-0.021874854938685892,0.04413067201897502,0.03683072426915168
1733705244668482600,26.865482666015627,-0.040159868691861625,0.012145341954380273,0.06679857703149318
1733705244678449700,26.87544970703125,-0.037763621205091476,0.00887377293780446,0.09173018919229507
1733705244688416800,26.885416748046875,-0.024097791685163975,-0.007275690091401338,0.09625321957468987
1733705244698383600,26.895383544921874,-0.007590308998525142,0.0051049219235777855,0.07282850484549999
1733705244708349700,26.905349609375,-0.00010433715730905532,0.01870630790516734,0.0258896435379982
1733705244718316500,26.915316650390626,0.003088613665103912,0.019437398658692834,-0.024531214666366576
1733705244728283600,26.92528369140625,0.0020025719940662385,0.028538550611585375,-0.037703999972343444
1733705244738249500,26.93524951171875,0.012726210582256316,0.03929389951229095,-0.05178805490434169
1733705244748216600,26.945216552734376,0.0007777063742280006,0.036979192829132077,-0.06922142026424408
1733705244758183700,26.95518359375,-0.01583908190578222,0.006591653349995613,-0.04986906954050064
1733705244768149500,26.9651494140625,-0.02243745725750923,-0.021011223846673963,-0.01438391466140747
1733705244778116600,26.97511669921875,-0.0033951953962445256,-0.007656944493949413,0.021003040540218353
1733705244788083500,26.98508349609375,0.019180793549120424,0.01726838405653834,0.052691141223907466
1733705244798050600,26.995050537109375,0.04475684109330177,0.006757365305721759,0.04833411505818367
1733705244808016600,27.0050166015625,0.07183394085019826,0.013065525539219379,0.030644729110598564
1733705244817983700,27.014983642578127,0.03981733886450529,-0.0001404313839972019,0.006958148574829101
1733705244827950600,27.02495068359375,0.02840308766365051,-0.010884089846909046,-0.02629822433888912
1733705244837916700,27.034916748046875,0.026794775684177874,-0.020996318538486956,-0.0302770648419857
1733705244847883800,27.0448837890625,0.015212766700983047,0.005516717594861984,-0.011427402943372725
1733705244857850600,27.0548505859375,0.018119009536504745,0.0019546411991119383,-0.01829436610341072
1733705244867817700,27.064817626953126,0.015528700782358646,-0.01283756200224161,-0.034518355673551555
1733705244877783600,27.074783447265624,0.020027181245386598,-0.009897270766645669,-0.06983575277030468
1733705244887750700,27.084750732421874,0.03694178342819213,-0.0019528876334428786,-0.10812135202288627
1733705244897717800,27.0947177734375,0.06955839713364839,-0.0012790800251066684,-0.10003624524474143
1733705244907683600,27.10468359375,0.08483721480816603,0.012565028671175241,-0.05784019455015659
1733705244917650700,27.114650634765624,0.07503975115418433,0.018450433447957038,-0.019146014496684072
1733705244927617500,27.124617431640626,0.04335398855805397,0.005839812069386243,0.01830430297553539
1733705244937584600,27.134584716796876,0.004338321465253829,-0.00577113074734807,0.03566518762111664
1733705244947550500,27.144550537109374,0.028735972879827022,0.018452625405043364,0.012090835288166998
1733705244957517600,27.154517578125,0.050726270891726016,0.005598842920362949,-0.03497311370372772
1733705244967484700,27.164484619140627,0.08220043656378984,0.00932020153105259,-0.03077858462333679
1733705244977450500,27.174450439453125,0.041371582569181914,0.011722732628136872,-0.007079144605994224
1733705244987417600,27.18441748046875,0.011857903315126895,0.009758446817845106,0.02160042191147804
1733705244997384400,27.194384521484373,0.03047229515314102,0.006281126096099615,0.015396306574344635
1733705245007351600,27.2043515625,0.023163141183555124,-0.01094736434146762,-0.031079028874635695
1733705245017318000,27.21431787109375,-0.002714519655704498,-0.015298545288294553,-0.05193067824542522
1733705245027284700,27.22428466796875,0.014207681311666965,-0.0038560909062623975,-0.0774374599456787
1733705245037251600,27.23425146484375,0.035277357347309586,0.0378866630628705,-0.08633388310670852
1733705245047218000,27.244218017578124,0.036738077549636365,0.035607466084510084,-0.058254036048054694
1733705245057184800,27.254184814453126,0.015371464394032953,0.03873758080378174,-0.004572130221128463
1733705245067152000,27.26415185546875,0.005215688821673393,0.03195902657955885,0.04671382037997245
1733705245077118700,27.27411865234375,-0.006361059464514255,0.004267155925184488,0.09032441404759883
1733705245087084800,27.284084716796876,-0.01615764633566141,-0.03467807627990842,0.06618599809110164
1733705245097051600,27.2940517578125,-0.017319091330468654,-0.07092471705079079,0.008587795603275298
1733705245107018800,27.304018798828125,0.021325696623325348,-0.06807809544801711,-0.06665361560285091
1733705245116984800,27.31398486328125,0.007499415844678879,-0.014845979215204716,-0.08750818758308887
1733705245126951700,27.32395166015625,0.014435644848644732,0.02042787100076675,-0.05624678787887096
1733705245136918800,27.333918701171875,0.02226093164682388,0.04717325458526611,-0.01112520512640476
1733705245146884600,27.343884521484377,-0.0018614099577069282,0.04345291888788342,0.06105740303099155
1733705245156851700,27.353851806640623,-0.01663461619764566,0.034215573334693904,0.0817120685249567
1733705245166818600,27.363818603515625,-0.03761544490605592,0.03152487294599414,0.06563070229589939
1733705245176785700,27.37378564453125,-0.008562368901073932,0.0033973873533308502,0.0327519305229187
1733705245186751700,27.383751708984374,0.008844692973792553,0.023658523485064507,0.0119862058699131
1733705245196718600,27.393718505859376,-0.010072481203079223,0.016472265242785215,0.039187516528367994
1733705245206685700,27.403685791015626,-0.0070513798162341115,0.016041034218668936,0.055177112820744514
1733705245216651800,27.41365185546875,0.009163257403671741,-0.0005457973144948482,0.03777297355532646
1733705245226619000,27.423618896484374,0.027956805200874804,-0.002512713473290205,0.027311785295605656
1733705245236585700,27.433585693359376,0.023215748153626918,-0.002152647989243269,-0.007837269496917725
1733705245246552800,27.443552734375,0.014400281274318694,-0.004992401459813118,-0.06093991413116455
1733705245256519000,27.453518798828124,0.01828822862356901,-0.009996054966002702,-0.10152034632265568
1733705245266485800,27.46348583984375,0.017867372862994668,0.016221943743526934,-0.09359598306417465
1733705245276452900,27.473452880859377,-0.0016340309426188468,0.017708967430889604,-0.053501288563013075
1733705245286418700,27.483418701171875,0.01818535277098417,0.00822027746513486,0.0058253451526165
1733705245296385800,27.4933857421875,0.005181202030181884,0.008136983095854521,0.02512567342817783
1733705245306352600,27.5033525390625,0.017182313208281993,0.0000637128859758377,0.03990297132134437
1733705245316318700,27.513318603515625,-0.0004953823015093803,-0.011901596326380968,0.04546060544848442
1733705245326285800,27.523285888671875,-0.014120587550103664,-0.006033142684400081,0.03642623512148857
1733705245336252700,27.533252685546874,-0.03731938456892967,0.012787293119728564,0.03382978888750076
1733705245346219800,27.5432197265625,-0.06475187363475561,0.028651363336294887,0.03042611792385578
1733705245356185600,27.553185546875,-0.07519318815022706,0.02907937949001789,0.01708966648876667
1733705245366152700,27.563152587890624,-0.06554273175150156,0.015950433325767517,0.015493921729922294
1733705245376119600,27.57311962890625,-0.06263795022070408,-0.0000225040927529335,0.039299160209298134
1733705245386085600,27.583085693359376,-0.03504939381033182,-0.011688538097590207,0.06444003120660781
1733705245396052700,27.593052734375,-0.01645575249940157,-0.021044833855330944,0.0792027160525322
1733705245406019600,27.60301953125,-0.03506780624985695,-0.009786796129494905,0.09480535885393619
1733705245415986700,27.612986572265626,-0.060737961818277834,-0.015458558155596255,0.09744856683909893
1733705245425952800,27.622952880859376,-0.07847352499514818,-0.0044086102224886415,0.0951139864116907
1733705245435920000,27.632919921875,-0.09960253000259399,0.031040742690861222,0.05469137513041496
1733705245445887000,27.642886962890625,-0.11216244410723447,0.041083121016621586,0.02502338209748268
1733705245455852800,27.652852783203127,-0.1454527192905545,0.07658639607429504,0.030790275061130523
1733705245465820000,27.66281982421875,-0.1434638835608959,0.08373319908902048,0.007671265280246734
1733705245475786800,27.672786865234375,-0.11870441309660673,0.06332286374494434,0.022521628409624097
1733705245485753900,27.68275390625,-0.08078443228602408,0.05205196653753519,0.028804654201865194
1733705245495719700,27.6927197265625,-0.03591156359761953,0.04514437910616398,0.04571721055805683
1733705245505686800,27.702686767578125,0.006367489205300807,0.056463937760889524,0.03933656961023807
1733705245515654000,27.71265380859375,0.038728082323074335,0.03669789166972041,0.013953122028708458
1733705245525619700,27.72261962890625,0.038789749382436275,0.016854834819585083,-0.011596914291381835
1733705245535586800,27.7325869140625,0.056604807536303994,0.027363077091425655,-0.021748305949568746
1733705245545553700,27.7425537109375,0.08698913214504718,0.010516717839241027,-0.03285948255062103
1733705245555519700,27.752519775390624,0.09101911831349134,-0.00687456194460392,-0.015316227075457572
1733705245565486600,27.762486572265626,0.09463613976687192,-0.009472469483315944,-0.016859364864230154
1733705245575453700,27.77245361328125,0.1226534429833293,-0.02397314239218831,-0.02601940739750862
1733705245585420800,27.7824208984375,0.13492752588391302,-0.02424552959278226,-0.01566051046848297
1733705245595386600,27.79238671875,0.15368103393167257,-0.020692659416794774,-0.046351416808366776
1733705245605353700,27.802353759765627,0.13654782056212425,-0.05978592179045081,-0.13786241029202936
1733705245615320600,27.812320556640625,0.11442980451732873,-0.03933160117417574,-0.172421682497859
1733705245625287000,27.822286865234375,0.12401304089874028,-0.05763546575829386,-0.1917570820868015
1733705245635253800,27.832253662109373,0.08365677285194396,-0.05856178682297468,-0.185823600384593
1733705245645220900,27.842220947265623,0.10812924306839704,-0.06818228647485375,-0.16674889755845068
1733705245655188000,27.85218798828125,0.12347878789156674,-0.0737730922192335,-0.11955343114137648
1733705245665153800,27.86215380859375,0.11804507240504025,-0.06338423854336142,-0.09980185196697712
1733705245675121000,27.872120849609374,0.07289192547053099,-0.06476824024766684,-0.09166472274065017
1733705245685087700,27.882087646484376,0.07783814970105886,-0.07679229390993714,-0.08146949194073677
1733705245695053800,27.8920537109375,0.10314736300259827,-0.10984189220517873,-0.096404026222229
1733705245705020700,27.902020751953124,0.12920827145427466,-0.13152999240010976,-0.11150631828606128
1733705245714987800,27.91198779296875,0.13841595252156258,-0.06420446888506412,-0.08311609010398388
1733705245724953600,27.92195361328125,0.16935469614267348,0.005407558131963014,-0.03896890534162521
1733705245734920700,27.931920654296874,0.15457710598856209,0.044452012927830215,-0.03116729167997837
1733705245744887800,27.9418876953125,0.1330614397510886,0.08487842360138893,-0.02780979794561863
1733705245754854700,27.951854736328126,0.09086860392689704,0.10877937754020094,-0.03190963447988033
1733705245764820700,27.96182080078125,0.032355916942656035,0.140387398725003,-0.019337737676501272
1733705245774787600,27.97178759765625,-0.03359627239257097,0.1854988984748721,0.027290157985687253
1733705245784754700,27.981754638671877,-0.10095189878493546,0.18488032818511127,0.1112000288158655
1733705245794720800,27.991720703125,-0.18425766624212264,0.14974121026471257,0.17726912252902985
1733705245804687600,28.0016875,-0.2156497065886855,0.08627017022073269,0.23531682235002516
1733705245814654700,28.01165478515625,-0.21329992859214544,0.03147022014930844,0.28711832125782966
1733705245824621600,28.02162158203125,-0.22824849139899014,-0.0013620821334421635,0.2843587934166193
1733705245834588000,28.031587890625,-0.19523849446177483,0.012419190459698437,0.21873042920827865
1733705245844554800,28.0415546875,-0.14082301366329192,0.02775748323649168,0.10734101530015468
1733705245854521900,28.05152197265625,-0.08262713754326105,0.04879413378536701,0.017682956206798554
1733705245864487700,28.06148779296875,-0.020226795470714567,0.03842997615933418,-0.04875438629686832
1733705245874454800,28.071454833984376,0.020082710824906824,0.007414660170674324,-0.09766834706962108
1733705245884422000,28.081421875,0.0436512179389596,-0.017348317424952985,-0.13079203351438046
1733705245894388700,28.091388671875,0.0571881603822112,-0.0606175503090024,-0.15105097768902778
1733705245904354800,28.101354736328126,0.06650602382570504,-0.0808317785590887,-0.14353227262198925
1733705245914321700,28.11132177734375,0.07827303398698568,-0.1007948085270822,-0.11491174281537532
1733705245924288800,28.121288818359375,0.07791179945915937,-0.11989698388203977,-0.07578969273865223
1733705245934254600,28.131254638671876,0.08306260635107755,-0.11335559941455721,-0.00812719235420227
1733705245944221700,28.1412216796875,0.07874678897857666,-0.09026055503115057,0.03980769425332546
1733705245954188800,28.151188720703125,0.08694763109087944,-0.056196811257302755,0.019204466685652732
1733705245964154600,28.161154541015627,0.10435556974858044,-0.029587329012155533,-0.012550269493460655
1733705245974121700,28.171121826171873,0.1516702786311507,0.021532325111329555,-0.03953179992139339
1733705245984088600,28.181088623046875,0.1688356407046318,0.07478402282744645,-0.029227263528108595
1733705245994055700,28.1910556640625,0.1795008271038532,0.13587547425851226,-0.00618482611477375
1733705246004021800,28.201021728515624,0.1350327398240566,0.14916545620337127,0.019528876334428787
1733705246013989000,28.210989013671874,0.05545680654495954,0.11536401662752031,0.003947860842943191
1733705246023956200,28.220956298828124,-0.05187222605645656,0.09011062516644597,-0.02618015091717243
1733705246033922300,28.23092236328125,-0.08267039216309785,0.058618631576746696,-0.04360065679550171
1733705246043889400,28.240889404296876,-0.06522679767012596,0.02039718360155821,-0.040544191834330556
1733705246053856300,28.250856201171874,-0.018864859467744827,0.03959288245886564,0.017634440889954566
1733705246063822300,28.260822265625,0.014547873051464556,0.01886427494585514,0.07451543501913548
1733705246073789200,28.2707890625,0.016579671140015125,-0.01661824958473444,0.0751285984814167
1733705246083756300,28.28075634765625,0.01634644690603018,-0.052308571647107595,0.018208441385626793
1733705246093723400,28.290723388671875,0.05021744458675384,-0.050839814268797634,-0.06736965491771697
1733705246103689200,28.300689208984377,0.07387859842032193,-0.033467093054950235,-0.16602642850279806
1733705246113656300,28.31065625,0.10223170946240424,-0.04401698251143098,-0.22989245921373366
1733705246123623200,28.320623046875,0.15156389564722775,-0.048536067371070385,-0.2266886947363615
1733705246133589200,28.33058935546875,0.16063362954854965,-0.05371420066133141,-0.15284662893414497
1733705246143556000,28.34055615234375,0.1373556298136711,-0.07273892686590552,-0.07366261758208274
1733705246153523200,28.350523193359376,0.12361848862320184,-0.0862257465571165,-0.010841127488017082
1733705246163490300,28.360490234375,0.09882570041120052,-0.06438917780220509,0.020161913540959357
1733705246173456100,28.3704560546875,0.06838789204955101,-0.011778262207657098,0.04727437687218189
1733705246183423200,28.38042333984375,0.018575521132349965,0.025170097091794012,0.05019406371116638
1733705246193390000,28.39039013671875,-0.028793256025016305,0.038074440719932316,0.0459188706099987
1733705246203356200,28.400356201171874,-0.06820201408863068,0.03829042155817151,0.044487376502156256
1733705246213323000,28.410322998046876,-0.11170651703327894,0.02469239657744765,0.04166530481874942
1733705246223290000,28.4202900390625,-0.1315107031777501,0.01533829277679324,0.04987023858428001
1733705246233256400,28.43025634765625,-0.16592852108627557,0.018500556199997662,0.053829789865016936
1733705246243223300,28.440223388671875,-0.15792641641646624,0.047247342734783884,0.06977671605944633
1733705246253190400,28.4501904296875,-0.15060294166058302,0.060212038248032326,0.11789163540899752
1733705246263157200,28.4601572265625,-0.1327054659202695,0.07393924256637692,0.15786591840088365
1733705246273123300,28.470123291015625,-0.12258593070507048,0.0714642307549715,0.207129423263669
1733705246283090200,28.480090087890623,-0.10516542482674121,0.06980389632731676,0.24404022703170775
1733705246293057300,28.490057373046874,-0.12466478280574082,0.065379650144279,0.228718739259243
1733705246303023400,28.5000234375,-0.15664485217332838,0.04043620141521096,0.18316636387407778
1733705246312990200,28.509990234375,-0.15472148289531468,0.013415800281614064,0.11662030029892921
1733705246322957300,28.519957275390624,-0.12633505410552023,0.016630378413945435,0.04123275862038135
1733705246332924200,28.529924072265626,-0.11640139685124158,0.03970438000932336,0.03487432950437069
1733705246342890200,28.53989013671875,-0.10642857663035392,0.03405731403306127,0.06155483115911484
1733705246352857300,28.549857421875,-0.09621171852052211,0.019699264465272426,0.09166004656553269
1733705246362824200,28.55982421875,-0.07612257795482874,0.017765812184661625,0.10153495936989784
1733705246372790300,28.569790283203126,-0.08482581663131714,0.02810834250077605,0.0898509513169527
1733705246382757000,28.579757080078124,-0.08204466148018837,0.034248306560516355,0.06306523572206497
1733705246392724200,28.58972412109375,-0.05859510457068681,0.04948927644267678,0.025087094983458517
1733705246402690000,28.59968994140625,-0.02277034247368574,0.06071911098733544,-0.014435352587699889
1733705246412657200,28.6096572265625,-0.01295388185828924,0.04420563695132732,-0.03905073840618133
1733705246422624300,28.619624267578125,-0.0012573065847158432,0.03856602362915873,-0.06469663631618022
1733705246432591000,28.629591064453123,0.05532762720733881,0.02011164465844631,-0.08059738528132439
1733705246442557400,28.639557373046873,0.09651771572977304,0.037481151001900435,-0.06801379804015159
1733705246452524300,28.649524169921875,0.15440145716071127,0.03921893457993865,-0.06641571519374848
1733705246462491400,28.659491455078125,0.22354104436039923,0.016016192038357257,-0.05424596945047378
1733705246472457200,28.669457275390624,0.23398177435398101,-0.022010317886620757,-0.07395078687369823
1733705246482424300,28.67942431640625,0.19827303985208272,-0.046907589386403555,-0.11595219177901744
1733705246492391400,28.689391357421876,0.17789543773382901,-0.06261953778117894,-0.17791443469524382
1733705246502357200,28.699357177734374,0.15265695158094167,-0.0836238934956491,-0.21111936968266962
1733705246512324400,28.709324462890624,0.16867752753347157,-0.06355360376089811,-0.21800854467451572
1733705246522291200,28.719291259765626,0.18606822279542684,-0.053552726489305494,-0.22723522270321844
1733705246532258300,28.72925830078125,0.20454174485802648,-0.06573050940856337,-0.18234394157528877
1733705246542224100,28.73922412109375,0.20974515872001648,-0.07666326070278882,-0.10941022278964518
1733705246552191200,28.749191162109376,0.18570640374571085,-0.0718085141479969,-0.050077159333229065
1733705246562158300,28.759158447265627,0.17316373303681612,-0.062198389759659765,-0.0658826312303543
1733705246572124200,28.769124267578125,0.1625356637775898,-0.05716594855040311,-0.11228490144312381
1733705246582091300,28.77909130859375,0.12670710228830576,-0.028496465035527944,-0.12617314154207707
1733705246592058000,28.78905810546875,0.11579992382675408,-0.001885813746601343,-0.13551087872982023
1733705246602025200,28.799025146484375,0.07021832234710454,0.015351006127893923,-0.086230422732234
1733705246611991000,28.808990966796873,0.048239130251109597,0.025772300768643615,-0.03145663001537323
1733705246621958100,28.818958251953124,0.0333642172023654,-0.010337269619107246,0.010890811848640441
1733705246631925200,28.82892529296875,-0.009727321027219295,-0.026812749732285736,0.032761282873153684
1733705246641891300,28.838891357421875,-0.035188510020077224,-0.022576281206309796,0.03052197951376438
1733705246651858400,28.8488583984375,-0.06245528713017702,0.014283376896381378,0.04014437886178493
1733705246661825300,28.8588251953125,-0.07425444599539041,0.055037412089109415,0.05594985075891017
1733705246671791400,28.868791259765626,-0.07182868015319109,0.08399477263465523,0.0568418311625719
1733705246681758200,28.87875830078125,-0.07572101141661405,0.09129369747117161,0.10781389350891113
1733705246691725300,28.888725341796874,-0.06683189477920531,0.0900081877052784,0.14924012887477875
1733705246701692400,28.8986923828125,-0.04661065226644277,0.048615270087122915,0.15410159743130206
1733705246711658200,28.908658203125,-0.068294660808146,0.023522183754295108,0.14270458962619303
1733705246721625300,28.918625244140625,-0.07770546323210001,0.034281916569173336,0.14837854360938071
1733705246731592200,28.92859228515625,-0.06312602599859238,0.045698798118531704,0.11722761854231357
1733705246741558300,28.938558349609377,-0.035844343580305575,0.031175913377851246,0.06412614295184611
1733705246751525000,28.948525146484375,-0.03363251274973154,0.031113369535654783,0.04604571186006069
1733705246761492200,28.9584921875,-0.019205635729432104,0.04471928556188941,0.04093114532530308
1733705246771458000,28.9684580078125,-0.028463293418288228,0.05373524344936013,0.07805880671441555
1733705246781425200,28.978425048828125,-0.04888473467826843,0.04493716609627008,0.06923194165825844
1733705246791392300,28.988392333984375,-0.05965045884251594,0.023550679196417332,0.04509644831120967
1733705246801359000,28.998359130859374,-0.04975976394712925,-0.0037909167155623434,-0.005796703580021858
1733705246811325200,29.0083251953125,-0.012979893082380295,-0.009949877736717462,-0.026470073774456978
1733705246821292300,29.018292236328126,0.010751695638895034,-0.015028057783842086,-0.05296645103394985
1733705246831259100,29.028259033203124,0.05642243670672178,-0.030288609149307012,-0.032740240085124966
1733705246841225200,29.03822509765625,0.06728402246087789,-0.007588555432856083,-0.010702595800161361
1733705246851192300,29.0481923828125,0.052724458971619606,-0.015618424892425537,0.002028290957212448
1733705246861159400,29.058159423828126,0.07460457460731268,-0.021170359931141136,-0.02554185301363468
1733705246871126300,29.068126220703125,0.0953866658732295,0.007748276039212942,-0.049155368313193316
1733705246881092400,29.07809228515625,0.10440963802337645,0.0208157012745738,-0.06991933940052986
1733705246891059200,29.08805908203125,0.11432546736001968,-0.0010077157378196716,-0.08787059115469455
1733705246901026300,29.0980263671875,0.0947547977104783,-0.009288637349009513,-0.11872224101424217
1733705246910992100,29.1079921875,0.07721972554177045,-0.028928718972951174,-0.14529226803183554
1733705246920959200,29.117959228515623,0.07329407653063535,-0.015319149684906004,-0.15662205581963062
1733705246930926300,29.12792626953125,0.1098646885588765,0.013618190985918044,-0.115557639503479
1733705246940892200,29.13789208984375,0.1268093936190009,0.0259092250213027,-0.07110182718336581
1733705246950859300,29.147859375,0.11235124467760324,0.043562370611727234,-0.01282499478161335
1733705246960826000,29.157826171875,0.10431114608496427,0.012998743913322687,-0.0039437691897153855
1733705246970793200,29.167793212890626,0.08871931693851948,0.003980886329710483,0.029022096344828604
1733705246980759000,29.177759033203124,0.07835486705154181,-0.009889233590662478,0.019874913293123245
1733705246990726100,29.18772607421875,0.0832958305850625,-0.0038334406830370423,-0.011544307321310043
1733705247000693200,29.197693359375,0.08613163853287696,-0.015870061565935612,-0.03352934463620186
1733705247010659600,29.20765966796875,0.06737900726795196,-0.0379021528929472,-0.0587023643374443
1733705247020626400,29.21762646484375,0.07592676312178373,-0.024593466247618198,-0.07757832972109317
1733705247030593300,29.22759326171875,0.0672536273226142,-0.013032646182924509,-0.08458207100331783
1733705247040559600,29.2375595703125,0.049178456927835935,-0.015383885484188795,-0.06025310091078281
1733705247050526500,29.2475263671875,0.005197568643093109,-0.01399155434295535,-0.029463994893431662
1733705247060493600,29.25749365234375,-0.020417934128642082,-0.008765636388212442,0.016544892087578773
1733705247070460700,29.267460693359375,-0.04223842853158712,0.005998071371018886,0.04608312126100063
1733705247080426500,29.277426513671877,-0.08182838838100433,-0.0021738369077444076,0.04635433941781521
1733705247090393600,29.2873935546875,-0.0850605021700263,-0.00948182183355093,0.06124152742624282
1733705247100360400,29.2973603515625,-0.11186346116065979,0.009969459220021962,0.08518237498402595
1733705247110326500,29.307326416015623,-0.11819149513840675,0.023814883090555666,0.10079320109188557
1733705247120293400,29.31729345703125,-0.12387304790616034,0.025725831278413533,0.14492226567566394
1733705247130260500,29.327260498046876,-0.11718845557570456,0.04807882512286305,0.17803835333585738
1733705247140226300,29.337226318359374,-0.1358764971718192,0.06215075122565031,0.1939578070014715
1733705247150193400,29.347193359375,-0.14991320583075285,0.061617228870838876,0.1921446200996637
1733705247160160500,29.357160400390626,-0.16301877111941576,0.05166720500364899,0.18943419209718704
1733705247170127400,29.36712744140625,-0.1701844249650836,0.06117357675656676,0.17165069812536238
1733705247180093400,29.377093505859374,-0.14971154577881096,0.05535159260481596,0.16680676522552967
1733705247190060300,29.387060302734376,-0.11869915239959955,0.0670693567968905,0.1665185959339142
1733705247200027400,29.39702734375,-0.13296850077062844,0.07323387077599763,0.15463058974146843
1733705247209993500,29.406993408203125,-0.10931494572162627,0.06533814909011125,0.11416881549358367
1733705247219960600,29.416960693359375,-0.07682488100528717,0.0648328299164772,0.039461657294631004
1733705247229927400,29.426927490234377,-0.054713294701278205,0.05558510909974575,-0.0018096797704696655
1733705247239894300,29.436894287109375,-0.033553017772734166,0.05385580108910799,-0.032656068933010096
1733705247249860600,29.446860595703125,0.007655190928280353,0.07925371558740735,-0.05891980648040771
1733705247259827500,29.456827392578123,0.027621289636194705,0.042646132549643515,-0.08174655531644821
1733705247269794600,29.466794677734374,0.06775894649624824,0.03949716699942946,-0.06914250980913639
1733705247279760400,29.476760498046875,0.08999532822370529,0.012280512641370296,-0.07870294983685017
1733705247289727500,29.4867275390625,0.11879764433801174,-0.02964212793931365,-0.11859949141740798
1733705247299694600,29.496694580078124,0.13475012349039314,-0.0761675861403346,-0.10755261222422122
1733705247309660400,29.506660400390626,0.15743892516046762,-0.11126418009325861,-0.11408113721013069
1733705247319627500,29.51662744140625,0.19595307247191665,-0.11115180575996636,-0.128137135091424
1733705247329594400,29.526594482421874,0.2568456403300166,-0.10234335314333438,-0.1246416941910982
1733705247339561500,29.5365615234375,0.26359014615416526,-0.05805003790855407,-0.12379998266994953
1733705247349527300,29.54652734375,0.21184388456493614,-0.029586159968376158,-0.14364450082480906
1733705247359494400,29.556494384765625,0.18159838390499353,-0.01478343537300825,-0.16359949361681939
1733705247369461500,29.56646142578125,0.17004910814762114,-0.01059694346860051,-0.1767781241416931
1733705247379427300,29.57642724609375,0.16366145293712614,-0.009168079709261655,-0.19860183341503143
1733705247389394400,29.58639453125,0.16060001953989267,-0.028879180742800235,-0.17006605928242205
1733705247399361300,29.596361328125,0.13973492616564034,-0.05349646625742316,-0.14055238002836704
1733705247409327600,29.60632763671875,0.12486527381390332,-0.06722367057576775,-0.09115151252150536
1733705247419294500,29.61629443359375,0.1102197856068611,-0.0623221622698009,-0.06822188783288001
1733705247429261600,29.626261474609375,0.10918518186211586,-0.04007569753974676,-0.05359831919670105
1733705247439228400,29.636228515625,0.1136903843268752,-0.004973696759343147,-0.0180991357922554
1733705247449194500,29.646194580078124,0.07244125909358262,0.010589929205924272,-0.01750759963989258
1733705247459161600,29.65616162109375,0.04632803593277931,0.0260921803727746,-0.04156885870695114
1733705247469128400,29.66612841796875,0.008028115893900394,0.03632467444315553,-0.030490999853610992
1733705247479094500,29.676094482421874,-0.0054661564514040945,0.03202317785695195,-0.01696808593571186
1733705247489061400,29.686061279296876,-0.002759235580265522,0.040975276727974415,0.014046061009168625
1733705247499028500,29.696028564453126,-0.0021267828956246376,0.05213233829736709,0.036950551256537435
1733705247508994300,29.705994384765624,-0.03651157531738281,0.045131811885535715,0.06880465615689754
1733705247518961400,29.71596142578125,-0.043105859015882014,0.011676701529324054,0.08545885383784771
1733705247528928500,29.725928466796876,-0.05442483314871788,0.04259367171004414,0.08074410027563571
1733705247538895400,29.735895263671875,-0.06486556314229965,0.07029957088977098,0.1124853924512863
1733705247548861400,29.745861328125,-0.03715601070076227,0.05561097419336438,0.12212065128087997
1733705247558828300,29.755828369140627,-0.05670300721377134,0.0538552165672183,0.1260965691745281
1733705247568795400,29.76579541015625,-0.0721028209194541,0.02022270381748676,0.13323182788193225
1733705247578761200,29.77576123046875,-0.07173106499761342,0.0018155249893665312,0.10869242990911006
1733705247588728300,29.785728271484373,-0.052636488427221774,-0.006716302642971276,0.024524200403690338
1733705247598695400,29.7956953125,-0.028183307433128354,-0.013518968395143747,-0.028907530054450032
1733705247608661500,29.80566162109375,-0.030934067445993422,0.027115532071143388,-0.03270750685930252
1733705247618628600,29.815628662109376,0.012890168972313404,0.05025792272761464,0.006165536892414092
1733705247628595500,29.825595458984374,0.01636632065027952,0.030028789169341322,0.03998772699534893
1733705247638562600,29.8355625,0.00968874258249998,0.005928513266146183,0.04368307438194752
1733705247648528400,29.8455283203125,-0.018115502405166625,0.0213408941924572,0.053091538718342775
1733705247658495500,29.85549560546875,0.01130085395425558,0.021425065344572065,0.04530746071338653
1733705247668462600,29.865462646484374,0.02571311792731285,0.009117080174386501,0.014755670583248138
1733705247678428400,29.875428466796876,0.011386486411094665,0.002469604983925819,-0.013946107766032218
1733705247688395500,29.8853955078125,0.015146715727448462,-0.000016220482438802717,-0.005536591339111328
1733705247698362400,29.8953623046875,0.028311902248859405,-0.013049012795835733,-0.011873977667093276
1733705247708328400,29.905328369140626,0.023705577497184275,-0.011749620635062456,-0.026362521746754644
1733705247718295300,29.91529541015625,0.03071399495452642,0.0059290977880358696,-0.058770753398537635
1733705247728262400,29.925262451171875,0.07080342875868081,0.0237590612500906,-0.04141980562508106
1733705247738229500,29.9352294921875,0.08490560386925936,0.03119564099162817,-0.037683541706204415
1733705247748195300,29.9451953125,0.08931523700505495,0.0244713011726737,-0.04240004883408546
1733705247758162400,29.955162353515625,0.04857698390334844,0.009817483528703451,-0.034788989308476445
1733705247768129300,29.96512939453125,0.07768734305351972,0.008697831849008799,-0.011829554003477096
1733705247778095400,29.975095458984374,0.10301292296797036,-0.0022914719380438325,-0.00450257211625576
1733705247788062200,29.985062255859376,0.07404606394171714,-0.011811433824896812,-0.03383504958450794
1733705247798029300,29.995029296875,0.08668956467658281,-0.006856880157440901,-0.057068041133880615
1733705247807995600,30.00499560546875,0.0981336264938116,-0.003426028925925493,-0.07496434783041477
1733705247817962500,30.01496240234375,0.10183861849159001,0.006845189719647169,-0.06260404795110225
1733705247827929600,30.0249296875,0.10713146420270205,0.016720687045902013,-0.06455342845320701
1733705247837896400,30.034896484375,0.09925094008594751,0.012006079614162444,-0.052046413579583166
1733705247847862500,30.044862548828124,0.09545037875920534,-0.009333207143098115,-0.040102877807617184
1733705247857829400,30.054829345703126,0.09376900154352187,-0.022309300833195447,-0.05529460172057152
1733705247867796500,30.06479638671875,0.05305471383929252,-0.02719225056916475,-0.06533142708837986
1733705247877762600,30.074762451171875,0.01902589524835348,-0.005327917024493217,-0.07630816365480422
1733705247887729400,30.0847294921875,0.06088058515936136,-0.007591478042304515,-0.07165653845667838
1733705247897696500,30.094696533203123,0.06613017625063658,-0.0011684592574834824,-0.05994155074357986
1733705247907662300,30.104662353515625,0.03949994347840547,-0.017403408613055945,-0.04061082732975483
1733705247917629400,30.11462939453125,0.029947394496202467,-0.029129794503003358,-0.0005921206742525101
1733705247927596300,30.12459619140625,0.019342121590673923,-0.04573123908340931,0.021035189244151115
1733705247937563400,30.1345634765625,0.033629005618393416,-0.036274551691114904,0.029806524720788
1733705247947529500,30.144529541015626,0.01609393344968557,-0.01128667929843068,0.043669045856595035
1733705247957496300,30.154496337890624,0.013642448644340038,0.026851620437949895,0.04528758696913719
1733705247967463400,30.16446337890625,-0.0005006429985165596,0.053113312158733605,0.04352291538417339
1733705247977429500,30.174429443359376,-0.05132423678487539,0.048803193874657154,0.055173021167516705
1733705247987396400,30.184396240234374,-0.0731356710985303,0.03354088894352317,0.07771043166816234
1733705247997363500,30.194363525390624,-0.07985475022047758,0.02408332476839423,0.07346855631470679
1733705248007329500,30.20432958984375,-0.08788608098477124,0.04036678944081068,0.07650222492218017
1733705248017296100,30.214296142578124,-0.11760375837832689,0.06860138866975903,0.10465864434838294
1733705248027263200,30.22426318359375,-0.11139350556135177,0.08846884930878877,0.11722820306420326
1733705248037230000,30.23422998046875,-0.12853402545452117,0.0828881265670061,0.11566343796551228
1733705248047196200,30.244196044921875,-0.12421353190690278,0.07436448224112391,0.13407704653441904
1733705248057163000,30.2541630859375,-0.13213263446837664,0.030549159781634805,0.12173428231179713
1733705248067130000,30.264130126953123,-0.13413929811567069,0.005623538970202208,0.08609013747870922
1733705248077096200,30.27409619140625,-0.09979571448713541,-0.00792567843273282,0.038729835888743396
1733705248087063000,30.28406298828125,-0.06510434033423662,-0.02359758707806468,0.02580897951722145
1733705248097030100,30.294030029296874,-0.01811754823178053,-0.013667875346541404,0.05018938753604889
1733705248106996000,30.303995849609375,0.009522153843939304,0.0034596389345824714,0.05994622691869735
1733705248116963000,30.313963134765626,0.021040157680213452,0.01033580831438303,0.04568213924467563
1733705248126930000,30.323929931640624,-0.0007122399225831032,-0.008600508954375983,0.032166824111342425
1733705248136896300,30.333896240234374,-0.023015841667354105,-0.0006055646777153015,0.02448445291519165
1733705248146863000,30.343863037109376,-0.05184387674480676,0.007101794829219579,0.03381634488403797
1733705248156830000,30.353829833984374,-0.05249123473763465,-0.01051423362120986,0.018609423401951788
1733705248166797000,30.363797119140624,-0.030367957995831963,0.0018728081345558165,0.0168313078135252
1733705248176763100,30.37376318359375,-0.01765256106853485,0.006758095958083868,0.009013327538967133
1733705248186730200,30.383730224609376,-0.01661474245339632,0.02234144953712821,0.012240472891926766
1733705248196697000,30.393697021484375,-0.005003215114772319,0.03315320480018854,-0.01718377451300621
1733705248206663200,30.4036630859375,0.03162058840543031,0.041523119869083164,-0.04223638270497322
1733705248216630300,30.41363037109375,0.06895166341215371,0.04503010507673025,-0.03953238444328308
1733705248226597000,30.42359716796875,0.05666676685661077,0.04405848356559872,-0.053064650711417194
1733705248236563200,30.433563232421875,0.05662701936811208,0.04016936717256903,-0.03907411928176879
1733705248246530000,30.443530029296873,0.07330605922937393,0.052933133286237714,-0.04162964898347855
1733705248256497200,30.4534970703125,0.09578998597711325,0.012122253339737652,-0.055365328869223594
1733705248266464000,30.463464111328125,0.14068126710504292,0.004606909273564815,-0.051288873210549354
1733705248276430000,30.47343017578125,0.16758944003582,-0.018853753551840782,-0.07341828743219375
1733705248286397200,30.483397216796874,0.17297405568361282,-0.038517654442787166,-0.0897983443468809
1733705248296364000,30.493364013671876,0.14793927540928126,-0.033536212768405675,-0.10875088209807872
1733705248306330000,30.503330078125,0.15139526108205317,-0.036530426148325204,-0.10463175634145735
1733705248316297000,30.513296875,0.1288669106706977,-0.022226298724859952,-0.08251578612327576
1733705248326264000,30.52326416015625,0.11877338667958974,-0.017788900799304244,-0.061489364707469935
1733705248336230100,30.533230224609376,0.0975868062660098,-0.017024638428539036,-0.06202595580220222
1733705248346197200,30.543197265625,0.11982114216685294,-0.005584083742648363,-0.06688041009604931
1733705248356164000,30.5531640625,0.1245639527797699,-0.021510843931883572,-0.06981646354794502
1733705248366131000,30.563130859375,0.11447042878866195,-0.026238603106141088,-0.0839163005709648
1733705248376097300,30.57309716796875,0.10990151343792676,-0.03389379403442144,-0.08213760046064854
1733705248386064100,30.583064208984375,0.08213789272159337,-0.04590484208464622,-0.08246610176265239
1733705248396031200,30.59303125,0.08852116401791572,-0.012553192102909087,-0.06792436619102954
1733705248405997000,30.6029970703125,0.061174015147984026,-0.008399433424323796,-0.05597089354693889
1733705248415964200,30.612964111328125,0.0443392002031207,-0.011820347783714533,-0.0483282698392868
1733705248425931300,30.62293115234375,0.015537760871648787,-0.009533698151260614,-0.03807517137229442
1733705248435897000,30.63289697265625,-0.0020528408765792846,-0.011981529694795608,-0.047447979873418804
1733705248445864200,30.6428642578125,-0.043481706590950485,-0.005581307263672351,-0.040871524092555046
1733705248455831000,30.6528310546875,-0.05613514419794082,0.015307313116639852,-0.023143559700250626
1733705248465798100,30.662798095703124,-0.05037497323602438,0.02253171141222119,-0.00013034838140010832
1733705248475764000,30.672763916015626,-0.023309271655976772,0.05087707753926515,0.07250292615294456
1733705248485731000,30.68273095703125,-0.026561551450192927,0.05041603589877486,0.13107085045576095
1733705248495698200,30.6926982421875,-0.065144672344625,0.05899696336984634,0.17337912935316563
1733705248505664000,30.7026640625,-0.09898147549480199,0.06591901771798729,0.1683691922366619
1733705248515631000,30.712631103515626,-0.10097615644335746,0.05791822822242975,0.16554361342191695
1733705248525598000,30.722597900390625,-0.09298194281905889,0.057131607889384026,0.14155425054728984
1733705248535564300,30.732564208984375,-0.08572422677576541,0.029735943702608344,0.12488953147232532
1733705248545531100,30.74253125,-0.04914543144106864,0.007430150000751018,0.09557692774832248
1733705248555498200,30.752498291015623,-0.00039630584120750427,-0.0171438808940351,0.0592383709102869
1733705248565465000,30.762465087890625,0.038001813875138755,-0.017914865266531705,-0.01464578046798706
1733705248575431200,30.77243115234375,0.06662526629120111,0.023133038306236267,-0.0737082102894783
1733705248585398300,30.782398193359374,0.09338555518388747,0.046963118965923784,-0.06666764412820339
1733705248595365000,30.792365234375,0.07260229487419129,0.07465951966494322,-0.01158230124413967
1733705248605331200,30.802331298828125,0.039080256761610505,0.07491510186120867,0.04393500331640243
1733705248615298000,30.812298095703124,-0.019583529131114483,0.04576309552639723,0.07184241641759873
1733705248625265200,30.82226513671875,-0.08329553832411765,0.01986906807422638,0.07277648239731788
1733705248635231000,30.83223095703125,-0.07524521059840918,-0.020374094986915586,0.0007832593321800232
1733705248645198000,30.842197998046874,-0.03716244044154882,-0.0264952082157135,-0.0637742607742548
1733705248655165200,30.852165283203124,-0.010870645843446254,-0.020013152720034122,-0.0744832863152027
1733705248665131000,30.862131103515626,0.02626987502723932,-0.0024321955829858777,-0.05834989763796329
1733705248675098000,30.87209814453125,0.06991700131297111,0.008077069602161646,-0.006415712261199951
1733705248685065000,30.88206494140625,0.07173954056501389,0.010684183360636234,0.016962240716814993
1733705248695032000,30.892031982421877,0.07270897011905908,-0.0013473229557275771,0.009081132078170776
1733705248704998100,30.901998046875,0.09274491919279097,-0.020519348676502704,-0.03639642450511455
1733705248714965000,30.911965087890625,0.08569821555167437,-0.05855024251565337,-0.07662906617224216
1733705248724932000,30.92193212890625,0.08201981929987669,-0.04855988663807511,-0.12735095314979553
1733705248734898200,30.931898193359373,0.08209259227514266,-0.01439911223053932,-0.12555997807979583
1733705248744865300,30.941865234375,0.08521890760213136,0.003798515500128269,-0.09474456857740879
1733705248754832100,30.95183203125,0.09482727842479943,-0.008195727545768023,-0.09680442371666431
1733705248764798200,30.961798095703124,0.06354863532483578,-0.005678337897360324,-0.07164426349699497
1733705248774765000,30.97176513671875,0.05758680431097746,0.0030285540409386155,-0.07493629077970981
1733705248784732200,30.981732177734376,0.06679360859543085,0.029502719468623397,-0.06458499263525008
1733705248794698000,30.991697998046874,0.09814677823632954,0.04612842170745134,-0.04809504560530185
1733705248804665000,31.0016650390625,0.08395137188434601,0.056879240563511846,-0.028664368948340416
1733705248814632200,31.011632080078126,0.024007190792262552,0.04990151050537824,-0.002279050847887993
1733705248824599000,31.02159912109375,-0.004384790955483913,0.012624796034395694,0.007898644295334815
1733705248834565000,31.031565185546874,-0.0036930092990398403,-0.01501958221644163,0.013200257834792136
1733705248844532000,31.041531982421876,0.01682955424785614,-0.0073993164710700506,0.023648586612939834
1733705248854499000,31.0514990234375,0.043835634595155715,0.001991612208634615,0.02948153055012226
1733705248864465000,31.06146484375,0.06288871011137961,0.01597030707001686,0.03829495160281658
1733705248874432000,31.071431884765627,0.016864041039347646,0.024986411087960004,0.05548047968149185
1733705248884399000,31.081399169921873,-0.013171908523142336,0.027423136715590952,0.059279871964454646
1733705248894365200,31.091365234375,-0.016423019273579118,0.029380992785096167,0.06898176628947257
1733705248904332300,31.101332275390625,-0.02342179211974144,0.02756941331848502,0.05465104312002658
1733705248914299100,31.111299072265624,-0.03290945917218924,0.011944704815745354,0.04920096102058887
1733705248924266000,31.121265869140625,-0.0173605923846364,0.00230009363591671,0.034434769043326374
1733705248934232000,31.131232177734375,-0.012453531120717525,-0.010325871442258357,0.039192192703485486
1733705248944199200,31.14119921875,-0.021628478962182996,-0.005705664295703172,0.04859539634287357
1733705248954166300,31.151166259765624,-0.031113807927072048,-0.0047851884499192235,0.033950200396776195
1733705248964132000,31.161132080078126,-0.04960749599486589,-0.005829290675371885,0.02859656440913677
1733705248974099200,31.17109912109375,-0.056902329178154465,0.010716770455986261,0.047640287575125694
1733705248984066000,31.181066162109374,-0.05842647000551223,0.030240093832463025,0.06733458360433578
1733705248994032000,31.1910322265625,-0.0678761431351304,0.039330432130396366,0.05658639509677887
1733705249003999000,31.2009990234375,-0.06222118611335754,0.03260901492089033,0.06607786154150963
1733705249013966300,31.21096630859375,-0.06400397787690162,0.03846139421090483,0.05453939943909645
1733705249023933400,31.220933349609375,-0.0765381730183959,0.045283641446381806,0.04397942698001861
1733705249033899300,31.230899169921877,-0.091997023434937,0.026258769111335276,0.017610475492477417
1733705249043866400,31.240866455078127,-0.054014791043102736,0.05270253940075636,-0.018002689680457113
1733705249053833200,31.250833251953125,-0.037490357221662995,0.05677811827659607,-0.004657470417022705
1733705249063799300,31.26079931640625,-0.028670798689126968,0.035977322310209274,0.0558007976770401
1733705249073766100,31.27076611328125,-0.027139351338148116,0.04788476385548711,0.10525018050074576
1733705249083733200,31.280733154296875,-0.008945815260708331,0.039850802742689845,0.12484861494004726
1733705249093699300,31.29069921875,0.026427695937454698,0.02263897117897868,0.10263561408817767
1733705249103666400,31.30066650390625,0.0347211847692728,0.00250073077455163,0.06472936954200267
1733705249113633300,31.31063330078125,0.05956774899512529,-0.008328414014726877,-0.008882394635677337
1733705249123599400,31.320599365234376,0.09182488173842429,-0.005234247391670942,-0.07693067946732043
1733705249133566500,31.33056640625,0.12134499073326586,-0.007390548642724752,-0.1135492222905159
1733705249143533300,31.340533203125,0.13714958584755657,-0.028314386466890572,-0.13015081300139428
1733705249153500400,31.35050048828125,0.1082438093587756,-0.03817804722487926,-0.11958499532341957
1733705249163466200,31.36046630859375,0.1048176343023777,-0.04344751206040382,-0.1241845980733633
1733705249173433300,31.370433349609375,0.10908464409708976,-0.02810381245613098,-0.1463444074332714
1733705249183400400,31.380400390625,0.09805676186531781,0.0006625555619597435,-0.13369360017478465
1733705249193366300,31.3903662109375,0.10996639536768198,-0.009972235698997974,-0.09727379479408263
1733705249203333400,31.40033349609375,0.11433218936175107,-0.014382453356683254,-0.07990063518881797
1733705249213300200,31.41030029296875,0.114520697671175,-0.02410188333839178,-0.06408581094145774
1733705249223266300,31.420266357421873,0.11282120027691125,-0.017445348058640956,-0.0711895054668188
1733705249233233200,31.430233154296875,0.08407792087346315,-0.009360679671913385,-0.05994038169980049
1733705249243200300,31.4402001953125,0.0924473975509405,0.0006641629971563816,-0.05855915647447109
1733705249253166000,31.450166015625,0.06434504639953374,-0.008139175052940845,-0.06040566112399101
1733705249263133200,31.46013330078125,0.06980535763204097,-0.0006887129165232181,-0.04968552966713905
1733705249273100300,31.470100341796876,0.03925181393623352,0.00001388239488005638,-0.013356325179338454
1733705249283067100,31.480067138671874,0.045373803947865964,0.014818360555917023,0.005328501546382904
1733705249293033500,31.490033447265624,0.03606821546405554,0.02947378563508391,0.012012509354948997
1733705249303000300,31.500000244140626,-0.008964519961178303,0.052178515526652335,0.04203706074059009
1733705249312967400,31.509967529296876,-0.021095687259733677,0.06222045546099543,0.05065466696023941
1733705249322933200,31.519933349609374,-0.024483283871412277,0.04693871517702937,0.05972878477573394
1733705249332900400,31.529900390625,-0.05573416218161582,0.0368618500597775,0.03877133694291115
1733705249342867500,31.539867431640626,-0.06022796646952629,0.011305383998900652,0.039702480313181875
1733705249352833300,31.549833251953125,-0.03982815251946449,0.008672697407752275,0.045883799296617504
1733705249362800400,31.55980029296875,0.0010565233156085013,0.015769377670437096,0.05179740725457668
1733705249372767200,31.569767333984377,0.010563479590415955,0.03242079887241125,0.0602969400525093
1733705249382733300,31.5797333984375,-0.01452683026343584,0.03556085046380758,0.06974865900874137
1733705249392700400,31.589700439453125,-0.032436580963432785,0.010065320809930563,0.054637599116563795
1733705249402667300,31.599667236328123,-0.016571780094504357,-0.006472703145444392,0.021051555857062337
1733705249412634400,31.60963427734375,0.005799333928525448,0.0034530630633234976,0.018135376149415967
1733705249422600200,31.61960009765625,0.039615678812563414,0.03202054750844836,0.04135317012965679
1733705249432567300,31.6295673828125,0.029452012194693088,0.03611687691137194,0.042969957676529884
1733705249442534100,31.6395341796875,-0.014319617253541946,0.021402561251819132,0.030380525216460227
1733705249452500200,31.649500244140626,-0.02804068409204483,-0.011499153005331754,-0.005468202278017998
1733705249462467300,31.65946728515625,-0.005840250460803508,-0.011927169159054755,-0.04406593621969223
1733705249472434200,31.66943408203125,0.024124679692089555,-0.009297112916409968,-0.07483049231767654
1733705249482400500,31.679400390625,0.07500818697214126,0.04292261140346527,-0.05994681144058704
1733705249492367400,31.689367431640626,0.07072042665034532,0.050724517326056956,0.001450198808312416
1733705249502334500,31.69933447265625,0.026972178077697754,0.032192543074488635,0.02564472886621952
1733705249512301300,31.70930126953125,0.0010755202770233153,-0.004504910203814506,0.03275426861047744
1733705249522267400,31.719267333984376,-0.006778992615640163,-0.010738543896377087,0.0023491934746503827
1733705249532234500,31.729234375,-0.0003609422668814659,0.004763415009528398,-0.04327390905916691
1733705249542201300,31.739201416015625,0.00208703540712595,-0.0034027941808104515,-0.0827145235657692
1733705249552167400,31.74916748046875,0.029750118358433244,-0.016998919465392826,-0.06903320421576499
1733705249562134300,31.75913427734375,0.04925765964388847,-0.009852847103029489,-0.0329740488409996
1733705249572101400,31.769101318359375,0.07608224594444037,-0.002965571807324886,0.004456394886970519
1733705249582067200,31.779067138671873,0.08044307150244713,0.017517974903434513,0.03841536311209202
1733705249592034300,31.789034423828124,0.06829699889570474,0.03232552180439233,0.029544658914208412
1733705249602001400,31.79900146484375,0.03210164992064237,0.041158524340391155,-0.004619476494193077
1733705249611967200,31.80896728515625,0.03263970232009888,0.03280614492818713,-0.01354863288104534
1733705249621934300,31.818934326171874,0.0542690580651164,0.02264277057126164,-0.028725743746757505
1733705249631901200,31.828901123046876,0.061171969321370125,0.012106471248716116,-0.010070727637410163
1733705249641868300,31.838868408203126,0.036383272762596605,0.003388327264040708,-0.000647065731883049
1733705249651834400,31.84883447265625,0.03694295247197151,-0.002993774988502264,0.010479892960190772
1733705249661801200,31.85880126953125,0.03369184172153473,-0.0034827275492250918,0.0030658173114061354
1733705249671768300,31.868768310546876,0.04467793063819408,0.013269377548247575,-0.04611468544304371
1733705249681734400,31.878734375,0.05503858113288879,0.0030249007791280746,-0.08644260417819023
1733705249691701500,31.888701416015625,0.06951221990436315,-0.0097739366479218,-0.09773089091181754
1733705249701668400,31.89866845703125,0.058250528916716574,0.018802461756020784,-0.06619944209456444
1733705249711634400,31.908634521484377,0.0694146047487855,0.006982990755140781,-0.020213351467251776
1733705249721601300,31.918601318359375,0.0363745049342513,-0.005858662900328636,-0.02166939549446106
1733705249731568400,31.928568359375,0.04141483718901873,-0.005189385336637497,-0.006784545573592185
1733705249741534200,31.9385341796875,0.03293400909155607,-0.013974457077682018,0.0050374096453189845
1733705249751501300,31.948501220703125,0.01727700575441122,-0.02054945155382156,-0.005294599276781082
1733705249761468400,31.958468505859376,0.0029141338810324668,-0.014763415498286485,0.0016688099950551987
1733705249771435300,31.968435302734374,-0.0036862872973084447,-0.01709068940207362,0.021215806508064268
1733705249781401300,31.9784013671875,-0.03390694577693939,0.00663227762132883,0.055955111455917354
1733705249791368200,31.9883681640625,-0.07848053925782442,0.03740691672191024,0.07902151426672935
1733705249801335300,31.998335205078124,-0.06587824731618165,0.043980449893325564,0.06581131955981254
1733705249811301000,32.00830102539062,-0.07196867314577102,0.041448008806258436,0.05233399834930896
1733705249821268200,32.01826831054687,-0.0707648503139615,0.03768938692510128,0.042733226311206816
1733705249831235300,32.0282353515625,-0.044269057576358316,0.03504267180860042,0.04908697925209999
1733705249841201400,32.038201416015625,-0.04252776686698198,0.03787073484137654,0.04865560209751129
1733705249851168500,32.04816845703125,-0.018575228871405124,0.03156622786968946,0.054043140354752536
1733705249861135400,32.05813525390625,-0.029643735374510285,0.040740152797847984,0.059708326509594914
1733705249871101400,32.068101318359375,-0.003872457519173622,0.07131430089026689,0.07022972052395343
1733705249881068300,32.078068359375,0.012690847007930278,0.05967617780566215,0.0552647911041975
1733705249891035400,32.08803540039062,0.03452770802378654,0.04627250635325909,0.014306173250079154
1733705249901002500,32.09800244140625,0.04274403996616602,0.014355711480230092,-0.030649405285716056
1733705249910968300,32.10796826171875,0.029189854127168655,-0.005517302116751671,-0.05670037686526775
1733705249920935400,32.117935302734374,0.026761457936465737,-0.025770401072502135,-0.05851122567951679
1733705249930902300,32.12790234375,0.06416998209357261,-0.01580678707137704,-0.07113397588729858
1733705249940868400,32.137868408203126,0.06982026294022799,0.0006662088237702846,-0.03515548453330993
1733705249950835200,32.147835205078124,0.09232610925883054,0.009010112668573857,-0.01775485239923
1733705249960802300,32.15780224609375,0.09137450762242079,0.004773205751180649,-0.035684476843476295
1733705249970768100,32.16776806640625,0.06193710847496986,-0.0129502285964787,-0.04522562764883041
1733705249980735200,32.1777353515625,0.04759732521623373,-0.02054389859586954,-0.07656359972059726
1733705249990702300,32.187702392578124,0.05098316826224327,-0.015474778638035059,-0.08678162687420844
1733705250000668200,32.197668212890626,0.08146218541711568,-0.006938567091524601,-0.06191022046804428
1733705250010635300,32.20763525390625,0.11200140832662582,-0.005968845276534557,-0.06201660345196724
1733705250020602000,32.21760205078125,0.11751929496526717,-0.01111176112294197,-0.032898645517230034
1733705250030569200,32.2275693359375,0.0780760501101613,-0.01822159312814474,-0.05773731869757175
1733705250040535300,32.23753540039063,0.07060995201319456,-0.017545009040832518,-0.08661036196053028
1733705250050502400,32.24750244140625,0.06046615913957357,-0.009122779262810944,-0.09981003527343273
1733705250060469500,32.257469482421875,0.06137509067803621,0.010518325274437666,-0.09376841702163219
1733705250070435300,32.26743530273438,0.04809475334435701,0.0293522050820291,-0.047938978260755535
1733705250080402400,32.27740234375,0.035950142042338845,0.02629983177408576,0.016557167047262192
1733705250090369300,32.287369384765626,0.031043373039364813,0.013282675421237945,0.0387426953703165
1733705250100335400,32.29733544921875,-0.0005181786552071571,0.005215250430256128,0.04370879334509373
1733705250110302200,32.30730224609375,0.007423720259964466,0.012625965078175067,0.026417466804385184
1733705250120269300,32.317269287109376,0.00841477712392807,0.023726035763323307,0.02127425869703293
1733705250130235400,32.3272353515625,-0.01016015948653221,0.043536943909525866,0.02144669265449047
1733705250140202200,32.3372021484375,0.0041971594288945195,0.05250716295912861,0.03491407699286937
1733705250150169300,32.34716943359375,-0.005393675737082958,0.042374622131884095,0.06454407610297203
1733705250160136200,32.35713623046875,-0.015920914970338342,0.015916677186638115,0.061522682455182075
1733705250170102300,32.36710229492188,-0.02337152323722839,0.00579421936199069,0.06383797366023063
1733705250180069000,32.377069091796876,-0.006309621538221836,-0.00039718262404203413,0.04647124379575252
1733705250190036200,32.3870361328125,0.0048483168140053745,-0.0013800561815500258,0.028746786534786222
1733705250200002300,32.39700219726563,0.02302694758325815,0.015540537350624798,0.02393675590455532
1733705250209969400,32.40696948242187,0.051203240753710265,0.031357845816016194,0.03418634724020958
1733705250219936300,32.41693627929688,0.039597558633983135,0.03570084345638752,0.06053717854917049
1733705250229902300,32.42690234375,0.01881897449940443,0.03519567041322589,0.07583528544604778
1733705250239869400,32.43686938476562,0.02804097635298967,0.017096534620970487,0.06449789887368679
1733705250249836300,32.44683618164063,0.030529870559275148,-0.02505333884432912,0.0017097265273332595
1733705250259802400,32.45680224609375,0.06460165150910616,-0.05474325144812464,-0.039110359638929365
1733705250269769500,32.46676953125,0.0816682293832302,-0.049655572920292615,-0.06468436135649681
1733705250279736300,32.476736328125,0.05980915653556585,-0.04684416876137256,-0.11751461879014968
1733705250289703400,32.48670336914063,0.07559709277600049,-0.04457315508946776,-0.1577425842821598
1733705250299669200,32.49666918945312,0.09179127172976732,-0.04593377591818571,-0.18396657434105873
1733705250309636400,32.50663623046875,0.10693623389154672,-0.04996653856560587,-0.17450725660026073
1733705250319603200,32.51660327148438,0.15023060121685267,-0.03470350298210978,-0.16483283480405805
1733705250329569300,32.5265693359375,0.15097615888714788,-0.00805968007594347,-0.1469891350775957
1733705250339536400,32.53653637695312,0.13788403760194778,0.034305297444760796,-0.11551730749309062
1733705250349503200,32.54650317382813,0.1030509168908,0.05144684025123715,-0.07319090841710567
1733705250359469300,32.55646923828125,0.05953939968347549,0.06416910531073808,-0.05510404758453369
1733705250369436200,32.56643627929687,0.0733855542063713,0.05761734557971358,-0.013799392771720886
1733705250379403300,32.5764033203125,0.06454553740769624,0.07044000227376818,0.04907119716107845
1733705250389369300,32.586369384765625,0.016154139204323292,0.08002323865517974,0.09847966345250606
1733705250399336400,32.59633642578125,-0.024529168839752674,0.0596197714433074,0.10382277804613113
1733705250409303600,32.606303466796874,-0.036008594231307506,0.02146612800732255,0.08452128072679042
1733705250419269400,32.616269287109375,-0.023690379928052424,0.01499737038463354,0.07704699932336807
1733705250429236500,32.626236572265626,0.008240297339856624,0.008637187702953814,0.0674473963290453
1733705250439203300,32.636203369140624,0.036793314868211746,0.012741554281860589,0.03965630308389664
1733705250449170400,32.64617041015625,0.05591390266269445,0.027214608531445264,0.01572539239823818
1733705250459136300,32.65613623046875,0.017990122459828853,0.014560732533037662,0.006851181069016456
1733705250469103400,32.666103271484374,0.021204116070270538,0.04093552923947572,-0.008063479468226432
1733705250479070500,32.676070556640624,-0.00013239420801401138,0.037823388568311925,-0.023489012137055395
1733705250489036300,32.686036376953126,-0.021812895618379114,0.032165655067563054,-0.028868951609730718
1733705250499003400,32.69600341796875,-0.005304243887960911,-0.0029151567943394184,-0.03755143975913525
1733705250508970200,32.70597021484375,0.003709375911951065,-0.03130129332318902,-0.03594634265005588
1733705250518936300,32.715936279296876,0.0032449732705950736,-0.048248336470872163,-0.0392091438382864
1733705250528903200,32.725903076171875,0.0029398528441786764,-0.035983898181468243,-0.01878185735940933
1733705250538870300,32.735870361328125,-0.001976560769975185,-0.017948621405661103,0.0021574702948331833
1733705250548836400,32.74583642578125,-0.03591536298990249,0.009339344622939824,0.033982933622598646
1733705250558803200,32.75580322265625,-0.0569707182392478,0.06143953421637416,0.02336976967155933
1733705250568770300,32.765770263671875,-0.06031418344825506,0.0625605010703206,0.02471358549594879
1733705250578737200,32.775737060546874,-0.019921382783353328,0.06217398597076535,0.05375263297557831
1733705250588703500,32.78570336914063,0.04646627535969019,0.05219195953011512,0.08351064237952231
1733705250598670300,32.79567041015625,0.03960866454988718,0.08931859800592064,0.1255962184369564
1733705250608637400,32.805637451171876,0.02431757191568613,0.11859072358906268,0.1748217293769121
1733705250618603300,32.81560327148438,-0.018368308122456073,0.11794468077048659,0.1927384943395853
1733705250628570400,32.8255703125,-0.10683569612652062,0.09306684462353587,0.18325988737642765
1733705250638537500,32.835537353515626,-0.18848288272172212,0.06961144249513745,0.15235504602491853
1733705250648503300,32.84550341796875,-0.2249301606312394,0.01536927243694663,0.12228314836621283
1733705250658470400,32.85547045898438,-0.21041765115410088,0.0007736147210001945,0.12355974417328834
1733705250668437200,32.865437255859376,-0.19206600190550088,0.038555209974199534,0.12736615071892737
1733705250678403300,32.8754033203125,-0.16548837610334158,0.0710720165669918,0.11740765128433704
1733705250688370200,32.8853701171875,-0.08471504973322153,0.0731364017508924,0.11062076762318611
1733705250698337300,32.89533715820313,-0.009983633875846862,0.05164017086625099,0.05197977808415889
1733705250708303000,32.90530322265625,0.01324409697651863,0.006629793403297663,0.007371990072727203
1733705250718270200,32.91527026367187,0.0702747287094593,-0.0266248259447515,-0.04303074795305729
1733705250728237300,32.9252373046875,0.060922962996363635,-0.006959609879553318,-0.08621230255365371
1733705250738204200,32.9352041015625,0.047347442108392715,0.03856690041199326,-0.08687339681088924
1733705250748170500,32.94517041015625,-0.01731003124117851,0.0177919695392251,-0.09099310708940028
1733705250758137300,32.95513745117187,-0.08565905258506536,-0.011478840869665146,-0.09637596917152404
1733705250768104200,32.96510424804688,-0.1533782515928149,-0.08369783551469445,-0.09974690690934658
1733705250778070300,32.9750703125,-0.1798044862255454,-0.1382879422277212,-0.09002396979629992
1733705250788037400,32.98503735351562,-0.15799655904322862,-0.16211831514835356,-0.05756488474011421
1733705250798004500,32.99500439453125,-0.08452771046757697,-0.14897680176347494,0.001287117201089859
1733705250807970300,33.00497021484375,0.014422493106126784,-0.08625584943443536,0.04627250635325909
1733705250817937400,33.0149375,0.11165391006320714,-0.02329845800101757,0.12203472656309604
1733705250827904300,33.024904296875,0.1603229561641812,0.06342617798894644,0.21022154406011104
1733705250837870300,33.034870361328124,0.1757607637926936,0.1357569624453783,0.23160043217539786
1733705250847837200,33.04483715820312,0.15523966155052185,0.19092428452447055,0.20951894874870775
1733705250857804300,33.05480419921875,0.07147270632237196,0.16763853987455368,0.16479133374989033
1733705250867771400,33.064771484375,-0.04878185882568359,0.09678352705910802,0.10073182629346847
1733705250877737200,33.0747373046875,-0.09873889891058206,-0.00789016872793436,-0.01574234353303909
1733705250887704300,33.08470434570312,-0.0718017921462655,-0.07506488559544086,-0.14970307021141052
1733705250897671200,33.09467114257812,-0.007541793681681156,-0.07085062890127301,-0.26982524115145207
1733705250907637200,33.10463720703125,0.06840688901096582,-0.01497165142148733,-0.37034605504274365
1733705250917604000,33.11460400390625,0.14052870689183472,0.02893193384334445,-0.3671598262220621
1733705250927571200,33.1245712890625,0.1970820765018463,0.07601663336232305,-0.3026274405568838
1733705250937537500,33.13453759765625,0.18956249465197322,0.14790171987786888,-0.212304780074954
1733705250947504400,33.14450439453125,0.1111284248843789,0.1848353199996054,-0.09242284763157367
1733705250957471500,33.154471435546874,0.04743249004334211,0.12426029365807771,0.04807926351428032
1733705250967437300,33.164437255859376,-0.04474427387267351,0.08216726494655012,0.20338439151644705
1733705250977404400,33.174404296875,-0.09790887782722711,0.028676205516606566,0.25761340983211994
1733705250987371300,33.184371337890624,-0.051503685005009174,-0.022005641711503265,0.1373731654703617
1733705250997337300,33.19433740234375,-0.04265519263893366,-0.03426759578287601,-0.04420096077620983
1733705251007304400,33.204304443359376,-0.0029562194570899006,-0.0507018671028316,-0.20394260992109775
1733705251017270500,33.2142705078125,0.029060967050492763,-0.15309037456214428,-0.308895268779993
1733705251027237600,33.22423754882813,0.0977960651025176,-0.2371094048552215,-0.3678092300415039
1733705251037203500,33.23420336914062,0.22516250808238983,-0.26548662742525336,-0.32527123404145236
1733705251047170600,33.24417065429687,0.3318912367030978,-0.17627338948994875,-0.24702479580044745
1733705251057137400,33.25413745117187,0.3338730581700802,-0.053276686026901006,-0.09378829076588154
1733705251067103700,33.264103759765625,0.28108488631248474,0.06407412050366401,0.11395897213518619
1733705251077070600,33.27407055664062,0.19712679242640732,0.12651318715140222,0.324281638482213
1733705251087037400,33.28403735351562,0.06276508373171091,0.14208631159737706,0.4405149852901697
1733705251097003800,33.294003662109375,-0.0018467969104647636,0.13917510032579303,0.406394104501605
1733705251106970600,33.303970703125,-0.000027180267870426175,0.07748509847968817,0.1837538083732128
1733705251116937700,33.313937744140624,-0.03319178324490785,0.0317399770013988,-0.07876374011337757
1733705251126903600,33.323903564453126,-0.11157266152054071,-0.009372516240179539,-0.23625673354864118
1733705251136870700,33.33387060546875,-0.16761165186762808,-0.08126987771540879,-0.27619477618336674
1733705251146837800,33.343837646484374,-0.1513049524500966,-0.1496029708378017,-0.2589730077475309
1733705251156803600,33.353803466796876,-0.062469900177419185,-0.1803236877940595,-0.22314532304108142
1733705251166770700,33.363770751953126,0.06017915889173746,-0.15107231273800134,-0.1879015757024288
1733705251176737500,33.373737548828124,0.15387451067715882,-0.03737973645403981,-0.1327805769830942
1733705251186704600,33.38370458984375,0.16531155823171137,0.09059314798638224,-0.10622691657841205
1733705251196670500,33.39367041015625,0.08839403050690889,0.16459829539582133,-0.06150339323282242
1733705251206637600,33.403637451171875,0.0016994973942637442,0.19727745294347404,0.0937853681564331
1733705251216604700,33.413604736328125,-0.04247632894068956,0.15787380944639443,0.2434755788862705
1733705251226570500,33.42357055664063,-0.06476181050688028,0.098321258020401,0.33682781632244585
1733705251236537600,33.43353759765625,-0.07989157509952784,0.03187134829610586,0.34026363599002357
1733705251246504400,33.44350439453125,-0.08813917896300554,0.017636048325151202,0.2857218984633684
1733705251256470800,33.453470703125,-0.07239537412524223,0.023325346007943153,0.20127017584145068
1733705251266437600,33.46343774414063,-0.059712710423767565,0.06634937195926904,0.10220540597736835
1733705251276404700,33.47340478515625,-0.057848085595667356,0.09296163068339228,0.01518821678161621
1733705251286370600,33.48337060546875,-0.0904936331346631,0.08283581185787915,-0.0024281039297580718
1733705251296337700,33.49333764648438,-0.10985738203525543,0.03467179266959428,-0.004347089293599129
1733705251306304800,33.5033046875,-0.11778466790318488,0.01039718311280012,0.011336217528581619
1733705251316270600,33.5132705078125,-0.08799743240475653,-0.06454159188494085,0.026775194200873372
1733705251326237700,33.52323779296875,-0.016828385204076767,-0.11905907175317405,0.014339490997791289
1733705251336204500,33.53320458984375,0.02765986808091402,-0.16140505231246352,-0.024113281515240666
1733705251346171600,33.543171630859376,0.03902238909453153,-0.17102043739780784,-0.10494213746488093
1733705251356137500,33.55313745117188,0.07814502369314431,-0.17160466702654956,-0.1561521002203226
1733705251366104600,33.5631044921875,0.11652005479484796,-0.13275515028089285,-0.16149989098906517
1733705251376071700,33.57307177734375,0.11229834544658661,-0.05640168617963791,-0.10868833825588226
1733705251386037500,33.58303759765625,0.07709463785737752,0.004763707270473242,-0.010036825367808342
1733705251396004600,33.59300463867187,0.011038403625786303,0.057285775537788866,0.09638298343420028
1733705251405971500,33.60297143554688,-0.017148703199625016,0.05844751279354095,0.1325461837053299
1733705251415937500,33.6129375,-0.0019742226824164388,0.028681612344086168,0.06637187605202198
1733705251425904600,33.62290454101562,0.01169043779373169,-0.013994476952403783,-0.08184592403769493
1733705251435871500,33.63287158203125,0.03420534420162439,-0.07443491712883114,-0.20874036559164522
1733705251445837600,33.642837646484374,0.13616174385398624,-0.15861892872527242,-0.20793430990576742
1733705251455804700,33.6528046875,0.31461423094868657,-0.26884967411756516,-0.2516068628937006
1733705251465771800,33.66277172851562,0.5438812517404555,-0.33055238931477066,-0.29137130252718924
1733705251475737600,33.672737548828124,0.6902139687359332,-0.2601078569963574,-0.3177209647923708
1733705251485704700,33.68270458984375,0.7831152475342154,-0.1634371426619589,-0.27355098367631436
1733705251495671600,33.69267163085937,0.7768722614914179,-0.05992006956413388,-0.2136567792057991
1733705251505638700,33.702638671875,0.6256286838397384,-0.0179040516115725,-0.15562895312905312
1733705251515604500,33.7126044921875,0.5323553568586706,0.015096739105880259,-0.12421207060217856
1733705251525571600,33.72257153320312,0.5045648481354117,-0.031480449282377955,-0.1929816554456949
1733705251535538700,33.73253857421875,0.5166083371505141,-0.07990574975535274,-0.2831324664920568
1733705251545504500,33.74250439453125,0.5072700154408812,-0.1317591249808669,-0.3959177186727524
1733705251555471600,33.7524716796875,0.5182429526150226,-0.20772958111390472,-0.5910732110261917
1733705251565438500,33.7624384765625,0.6239020061776042,-0.28278160722777246,-0.7883440880984067
1733705251575404500,33.772404541015625,0.8339800501137972,-0.34544454575926065,-0.9968681805908679
1733705251585371400,33.78237133789062,0.9200123199254274,-0.31309915021061896,-1.0610171198964118
1733705251595338500,33.79233837890625,0.8855755050554871,-0.15121815094947813,-1.0858154610663653
1733705251605304800,33.80230493164063,0.7432102303862571,0.006130757839977741,-1.0517980406522751
1733705251615271700,33.812271728515626,0.6810080412343144,0.041378012309968466,-0.9647551324933766
1733705251625238800,33.82223876953125,0.6430515278056264,0.051181028921902176,-0.880764013120532
1733705251635204600,33.83220458984375,0.5955868890583514,0.028121348112821576,-0.8406599662691354
1733705251645171700,33.842171630859376,0.5030734405338764,-0.08779577235281467,-0.9390595502227544
1733705251655138600,33.852138671875,0.581521831087768,-0.27187077550441024,-1.0562339772731064
1733705251665105700,33.862105712890624,0.5572808315396308,-0.3199254890993237,-1.106879291883111
1733705251675071700,33.87207177734375,0.4645023023381829,-0.24274901817739009,-1.136732578355074
1733705251685038600,33.88203857421875,0.26328034955263135,-0.16019962204545735,-1.2134621822923422
1733705251695005700,33.892005615234375,0.03569207562804222,-0.1085705570951104,-1.3035036877453325
1733705251704971500,33.901971435546876,-0.09525982462316751,-0.01802460925132036,-1.409948046466708
1733705251714938600,33.91193872070313,-0.11164660353958607,0.14472586632072926,-1.510930632650852
1733705251724905500,33.921905517578125,-0.06820347539335489,0.33960312625467776,-1.461222891151905
1733705251734871600,33.93187158203125,-0.01904810708016157,0.5249570633009076,-1.2385136214405297
1733705251744838700,33.94183862304688,0.02221796928793192,0.6636296209320426,-0.899408507835865
1733705251754805500,33.951805419921875,0.06492050819993019,0.7300067576810717,-0.4639852927267551
1733705251764771600,33.961771484375,0.09412658280953765,0.6988526177436113,0.00953062941133976
1733705251774738400,33.97173852539063,0.20606647020727395,0.5765139397978782,0.4562660966515541
1733705251784705500,33.98170556640625,0.3485153315067291,0.43824704035818574,0.9308908568143844
1733705251794671600,33.99167163085937,0.6008052082285285,0.29446079297512767,1.4213982457637786
1733705251804638700,34.001638671875,0.8273778753697871,0.11070523103624581,1.8312147259294986
1733705251814605800,34.01160571289063,0.9500104216955602,-0.0038797640427947044,2.128863793551922
1733705251824571600,34.02157153320312,0.9896749080859124,-0.07398381236046553,2.2830413788288832
1733705251834538800,34.03153881835937,1.0032779015026987,-0.07412643570154905,2.272847317072749
1733705251844505600,34.04150561523438,0.9262415697038173,-0.01951777041852474,2.0776678593218327
1733705251854472700,34.05147265625,0.729596861705929,0.0008443418696522712,1.7134253818511962
1733705251864438500,34.0614384765625,0.5462684391379357,-0.031063831305503845,1.251711541187763
1733705251874405600,34.07140551757813,0.40477541725859045,-0.049439445951581,0.7941612499445676
1733705251884372700,34.08137280273438,0.3002748860813677,-0.009922551338374615,0.3259948721408844
1733705251894338600,34.09133862304687,0.23216405740752816,0.038941725073754783,-0.10765607259869575
1733705251904305700,34.1013056640625,0.08702829511165619,0.1311988607496023,-0.4228688539624214
1733705251914272500,34.1112724609375,-0.08659326469525694,0.17810820370167493,-0.681077891600132
1733705251924238600,34.12123852539062,-0.2712567352592945,0.19716478634923695,-0.85268065893054
1733705251934205400,34.13120532226562,-0.44586862127780913,0.2730167306691408,-0.8774421752214431
1733705251944172500,34.14117260742187,-0.4767350303150713,0.31369097862392664,-0.7838795099049806
1733705251954138600,34.151138671875,-0.4281318890571594,0.34533114851266145,-0.6332774450272322
1733705251964105700,34.161105712890624,-0.3174059074938297,0.37288930978477,-0.442470795533061
1733705251974072600,34.17107250976562,-0.20458383043408393,0.3794865160927176,-0.18140929107367992
1733705251984038700,34.18103857421875,-0.15667758539915083,0.394415205155313,0.15950024160444737
1733705251994005800,34.191005859375,-0.17237557833380995,0.39471272679716346,0.4793909516513347
1733705252003972600,34.20097265625,-0.19224829966984688,0.387729151520133,0.7107733571618795
1733705252013939200,34.21093920898438,-0.2144494639534503,0.43242870946824546,0.9240250626981258
1733705252023906000,34.220906005859376,-0.311372545613721,0.4759706218138337,1.1126935311198234
1733705252033873200,34.230873046875,-0.42148594823665914,0.44264790566563605,1.2573808189958333
1733705252043840300,34.24084033203125,-0.4969347185831517,0.3845540286153555,1.3350953423172234
1733705252053806000,34.25080615234375,-0.5261609591979534,0.3721279700234532,1.3632307189553976
1733705252063773200,34.26077319335938,-0.6008160218834877,0.40186435211747884,1.357405373802781
1733705252073740000,34.270739990234375,-0.6897755773186683,0.42189036431908605,1.2726818485021592
1733705252083706000,34.2807060546875,-0.7599182040810585,0.43983109467923637,1.1231652407735586
1733705252093673000,34.2906728515625,-0.8135317939121276,0.4753457679137587,0.9646540102064609
1733705252103640000,34.30064013671875,-0.8578934982080012,0.4873243749991059,0.8642430864304304
1733705252113606000,34.31060595703125,-0.9049369158685207,0.5145633873194456,0.8781856870651245
1733705252123573000,34.32057299804688,-0.9847334330957382,0.5690747297078371,0.9946586878478526
1733705252133540000,34.3305400390625,-1.0194143589198588,0.6370902813136577,1.1278338171064852
1733705252143506200,34.34050610351562,-0.9131015906888991,0.7015306047812104,1.269964990758896
1733705252153473000,34.35047314453125,-0.7837702043116093,0.7303031102791429,1.3695686898052692
1733705252163439900,34.36043994140625,-0.7531494405984878,0.7366597858294844,1.386031164306402
1733705252173406200,34.37040625,-0.7894108405470848,0.7641819990053772,1.3407821557819843
1733705252183373000,34.380373046875,-0.8938274928331374,0.8110954336106777,1.2897808673411606
1733705252193340200,34.39034008789063,-0.9526000728625804,0.7221347091317176,1.1619552824169397
1733705252203307300,34.40030737304688,-0.9388565749965607,0.6647270607799292,1.0504121392518282
1733705252213273000,34.41027319335937,-0.9129004420936108,0.6073568218290806,0.9629670800328254
1733705252223240200,34.420240234375,-0.8885130928773433,0.46810646430999037,0.8316016305446624
1733705252233207000,34.43020703125,-0.8329425237596034,0.23172201272845266,0.6730699417114258
1733705252243173000,34.44017309570312,-0.7146892884965985,-0.030825346374511717,0.5460276161193848
1733705252253140000,34.45013989257812,-0.6231963421262801,-0.1444549404248595,0.43734395403862
1733705252263107000,34.46010717773437,-0.4260603434801101,-0.0962169792175293,0.3007096242368221
1733705252273073000,34.470072998046874,-0.20846154865026473,0.03868628900796175,0.16735621580183505
1733705252283040000,34.4800400390625,-0.08344254557937383,0.19255670803189276,0.08343114740252494
1733705252293007000,34.49000708007812,-0.06017433658614754,0.30080168643444777,-0.04090717992782592
1733705252302973000,34.499972900390624,-0.08089213044419884,0.28203648794889447,-0.27017478524148464
1733705252312940000,34.50993994140625,-0.09841945769786835,0.18251111483573912,-0.5677636471092701
1733705252322907000,34.51990698242187,-0.10882277829051017,0.12296762349903582,-0.8791916492372751
1733705252332873200,34.529873291015626,-0.09868731485381722,0.05151712900847196,-1.167033024072647
1733705252342840000,34.539840087890624,0.024312895740568635,-0.08764642700999975,-1.3724194030612706
1733705252352807200,34.54980712890625,0.11668693579435348,-0.11934124969542026,-1.2964631215840576
1733705252362773200,34.559773193359376,0.1890728114388883,-0.14129443056732416,-1.0967091955244541
1733705252372740000,34.569739990234375,0.2838683795511722,-0.22818974694907665,-0.8455290336102247
1733705252382707200,34.579707275390625,0.43294513455778355,-0.2729112244680524,-0.523684266886115
1733705252392674000,34.58967407226562,0.5450690002202987,-0.3030237463980913,-0.26201369061768054
1733705252402640100,34.59964013671875,0.5834801255486906,-0.2992138327211141,-0.019790742141008375
1733705252412607000,34.60960693359375,0.6578805558860301,-0.2521148124158382,0.16145955897867678
1733705252422574000,34.619573974609374,0.7373606275752186,-0.1709033868893981,0.30817981398701666
1733705252432540200,34.6295400390625,0.7703951744318008,-0.07466828749328851,0.3634481122225523
1733705252442507000,34.639507080078126,0.6713154992595315,0.019608955833315848,0.3304296397179365
1733705252452474000,34.64947412109375,0.5376302285216749,0.061065001815557476,0.2288800673007965
1733705252462440000,34.65943994140625,0.40031989915445443,-0.018834756590425966,0.03471124789714813
1733705252472407000,34.669406982421876,0.32776948059797284,-0.24268238268196582,-0.17866612984538077
1733705252482374000,34.679373779296874,0.33981399252638217,-0.5302765047580004,-0.33033553169369695
1733705252492340000,34.68934008789063,0.44429245800226924,-0.8203539680823684,-0.4061988741904497
1733705252502307000,34.69930712890625,0.5926619415223598,-0.9528326395094394,-0.4001689463764429
1733705252512274000,34.70927392578125,0.7528679933086038,-0.8545742175921798,-0.43457507384717464
1733705252522240300,34.719240234375,0.9244488410681485,-0.6038578737974166,-0.5362947421342135
1733705252532207000,34.72920703125,1.0124728692188858,-0.28780718030482527,-0.7067039157658815
1733705252542174200,34.73917431640625,0.9656617259442806,-0.044512218682467936,-0.9472527935504913
1733705252552140000,34.74914013671875,0.8159244612023234,0.10968290225118398,-1.1577204213261603
1733705252562107100,34.75910717773438,0.6040463821068406,0.19171119711846113,-1.278709438228607
1733705252572074200,34.76907421875,0.33075317258387804,0.17315467294752596,-1.391907947385311
1733705252582041000,34.779041015625,0.15055325729995966,0.054168228039145463,-1.3582242889702318
1733705252592007200,34.78900708007812,0.10979629949778318,-0.13695903171151877,-1.1246633703768252
1733705252601974000,34.79897412109375,0.1461702199101448,-0.22714900572448968,-0.7604460273474455
1733705252611941000,34.80894116210938,0.15066723906844853,-0.28869945296943184,-0.4389765236765146
1733705252621907000,34.81890698242187,0.17062953838407993,-0.3072673753172159,-0.12923019102513789
1733705252631874000,34.8288740234375,0.1789829407095909,-0.22546908981353042,0.04854278937280178
1733705252641841200,34.83884106445313,0.21943799295574426,-0.08743483008593321,0.14365560674071312
1733705252651807000,34.84880688476562,0.24215455941557884,0.042700785346329206,0.23103461498618125
1733705252661774000,34.85877416992187,0.24751228705644607,0.09224135358482599,0.30269466057419775
1733705252671741000,34.86874096679688,0.2504991939127445,0.045725686125457285,0.4263023355424404
1733705252681707300,34.878707275390624,0.2524871528595686,0.00847264479100704,0.5900514667630196
1733705252691674000,34.88867407226562,0.27467355796545745,0.028419454276561736,0.7681535329848528
1733705252701641000,34.89864086914063,0.26810382418632506,0.07657821276783942,0.8789788832694292
1733705252711607000,34.90860693359375,0.30096447578072544,0.12137450908869504,0.9614806408673524
1733705252721574100,34.91857421875,0.3296241685539484,0.1605664095312357,0.9450748649895191
1733705252731541200,34.92854125976562,0.3393126188755035,0.20190262852609156,0.8589555014163255
1733705252741507000,34.938507080078125,0.26349282325953244,0.19735095657110213,0.6889069777905941
1733705252751474200,34.94847412109375,0.11669278101325034,0.1266676470607519,0.4272551062226295
1733705252761441000,34.95844091796875,-0.022323475489020347,0.035411505120992656,0.116359603536129
1733705252771407000,34.968406982421875,-0.08684855463057756,-0.0907373787626624,-0.24350363593697547
1733705252781374000,34.9783740234375,-0.12142740831971167,-0.20255057104080915,-0.550370613759756
1733705252791341000,34.988341064453124,-0.16121347526311874,-0.2503334819570184,-0.7644266214162111
1733705252801308200,34.99830810546875,-0.18541092793047428,-0.18783698603361845,-0.8636211551398039
1733705252811274000,35.00827392578125,-0.20967735418081282,-0.027304186511039732,-0.8638876971215009
1733705252821241000,35.018240966796874,-0.21570085225403307,0.11696984438896178,-0.7814139965742826
1733705252831208000,35.0282080078125,-0.1754705486744642,0.1667693558245897,-0.6552963846117258
1733705252841174000,35.038174072265626,-0.0411304672896862,0.12178718154281377,-0.46268005534708495
1733705252851140900,35.048140869140624,0.023931787468492983,0.0757604666441679,-0.2459638885706663
1733705252861108000,35.05810791015625,0.013842647391557692,0.06856792479157447,-0.05040741420090198
1733705252871074000,35.068073974609376,-0.04759732521623373,0.04219955782592296,0.07500058818757534
1733705252881041200,35.07804125976563,-0.11622779385000466,0.04579992040544748,0.17104688701331613
1733705252891008300,35.08800830078125,-0.17060937237888574,0.07873919019401072,0.256305834364891
1733705252900974000,35.09797412109375,-0.1337464994058013,0.09322451940327882,0.2902496050208807
1733705252910941200,35.10794116210938,-0.10416852274388075,0.06617138504385948,0.346437940710783
1733705252920908000,35.117907958984375,-0.07922814275473355,0.06206570329070091,0.36968671435117717
1733705252930874000,35.1278740234375,-0.13465367737859488,0.051989422695338725,0.38295126959383485
1733705252940841000,35.13784106445313,-0.1843701867058873,0.013865151484310625,0.36657822694182396
1733705252950808000,35.14780810546875,-0.2062295518144965,0.015625731416046618,0.2543991239607334
1733705252960774100,35.15777416992187,-0.2075701527684927,0.030348376512527465,0.13786708646714688
1733705252970741000,35.16774096679688,-0.19113105914294717,0.034787820264697074,-0.012656067955493927
1733705252980708000,35.1777080078125,-0.12095073071867227,0.00756079064309597,-0.12595979105234145
1733705252990675000,35.187675048828126,-0.016145663636922835,0.04221943157017231,-0.1555459510207176
1733705253000641000,35.19764111328125,0.03432312536239624,0.08483487672060727,-0.12616904988884925
1733705253010607900,35.20760791015625,0.03494651795774698,0.12553162876814603,-0.012317045259475707
1733705253020575700,35.21757568359375,0.06478051520735024,0.11380232026875019,0.08245207323729992
1733705253030541600,35.22754150390625,0.08928308830112218,0.059436816091835494,0.14139233798384665
1733705253040508700,35.2375087890625,0.08388532091081143,-0.0045627778708934785,0.1727390778839588
1733705253050475800,35.24747583007812,0.05261398433446884,-0.07291267599761486,0.15669453653395174
1733705253060441900,35.25744189453125,0.011348200227320193,-0.08772855233550071,0.09866612593531608
1733705253070408700,35.26740869140625,-0.026003917567431926,-0.057421384616196156,0.011093056422471999
1733705253080375600,35.27737548828125,-0.05926321309059858,-0.0021919570863246918,-0.05428571693897247
1733705253090342000,35.287341796875,-0.042161856164038176,0.006803542535007,-0.08041676801741122
1733705253100308700,35.297308837890625,-0.006358721376955509,-0.003403378702700138,-0.07426409060657024
1733705253110275800,35.30727587890625,0.009624445174634457,-0.02188449954986572,-0.10017360788881778
1733705253120241700,35.31724169921875,0.05661649797409773,-0.06341536433398723,-0.135738842266798
1733705253130208800,35.327208740234376,0.18610417089164255,-0.16380056914687155,-0.2337777762144804
1733705253140176000,35.33717578125,0.35433366239666936,-0.2669882641598582,-0.22411270676851272
1733705253150141700,35.3471416015625,0.5130234644010663,-0.28303952751159667,-0.09499006777107714
1733705253160108800,35.35710888671875,0.6345628086626529,-0.20860387973040342,0.02889291700720787
1733705253170075600,35.36707568359375,0.6373030472815037,-0.08645575592070817,0.04081950164437294
1733705253180041700,35.37704174804688,0.5060147546827792,0.08142273018956184,-0.02344926464855671
1733705253190008600,35.387008544921876,0.29172435374855993,0.2209127416834235,-0.1328454589128494
1733705253199975700,35.3969755859375,0.044071196916699404,0.2910910242810845,-0.32915070582330225
1733705253209942800,35.40694287109375,-0.07719254527390003,0.29782793132066726,-0.4488514364808798
1733705253219908600,35.41690869140625,-0.2433174657151103,0.2968777909889817,-0.3254880916625261
1733705253229875700,35.42687573242188,-0.4867182257995009,0.20316578032970428,-0.16158172405362128
1733705253239842600,35.436842529296875,-0.5886065286517143,0.08354512917101382,-0.17100772404670714
1733705253249809000,35.44680883789062,-0.625853140245378,0.026831016041338442,-0.12382628615498542
1733705253259775700,35.45677563476563,-0.541730211186409,-0.11334756223857402,-0.0930231516122818
1733705253269742800,35.46674291992188,-0.22251433166116474,-0.22795506141036748,-0.11715396878421305
1733705253279708700,35.47670874023437,0.012354162399470806,-0.1859194619745016,-0.06118892045617103
1733705253289675800,35.48667578125,0.15791297241300342,-0.13679507332146168,0.13519582143127917
1733705253299643000,35.49664282226563,0.19173487025499342,-0.03680529756695032,0.27986089747548104
1733705253309608700,35.50660864257812,0.15244710822254418,0.04411766640692949,0.323832141149044
1733705253319575800,35.51657592773437,0.09180033181905746,0.09910217926502227,0.2600339149773121
1733705253329542700,35.52654272460938,0.05518734195381403,0.11320640020221472,0.1343225457280874
1733705253339508700,35.5365087890625,0.10284078127145767,0.09280132555514574,0.028660861817002295
1733705253349475600,35.5464755859375,0.12767507053762672,0.042188744170963764,-0.002316460248827934
1733705253359442700,35.55644262695313,0.12709259447455407,0.0072772975265979764,-0.016872808867692945
1733705253369408800,35.56640869140625,0.14256751924306155,-0.00523848517537117,-0.001835398733615875
1733705253379375600,35.57637573242187,0.2386412905976176,-0.01626315253674984,0.09405658631324768
1733705253389342700,35.5863427734375,0.2643304431274533,0.026243571542203425,0.20379414136111734
1733705253399309600,35.5963095703125,0.17095570159852505,0.12778525291383266,0.24134733468592165
1733705253409275600,35.60627563476562,0.028100013063848017,0.1856257397249341,0.178330029758811
1733705253419242500,35.61624243164062,-0.12699760966747997,0.18950433472394942,0.015321487772464752
1733705253429209600,35.62620971679687,-0.2470683426812291,0.12762713974267242,-0.16916355748474596
1733705253439176000,35.636176025390625,-0.23877397706657646,0.06303074893057346,-0.3296680076956749
1733705253449142800,35.646142822265624,-0.12489274634271859,-0.02391016015857458,-0.36839082932174205
1733705253459110000,35.65610986328125,0.0036059155374765393,-0.13755699760466814,-0.3256231162190437
1733705253469075700,35.66607568359375,0.09009148207455873,-0.19083324524015188,-0.19571195719242096
1733705253479042800,35.676042724609374,0.17170798127055167,-0.18248130421936512,-0.06457213315367698
1733705253489009700,35.686009765625,0.1763189821973443,-0.15095716192573308,-0.011901450195908546
1733705253498975700,35.695975830078126,0.10698971764445304,-0.027381927922368047,-0.013239420801401138
1733705253508942800,35.70594287109375,-0.009777589909732341,0.08645049522370099,-0.07001695455610751
1733705253518909700,35.71590966796875,-0.1487315948307514,0.11555033297985791,-0.16154665274024008
1733705253528875800,35.725875732421876,-0.1978489692211151,0.10242138681560754,-0.2300654776930809
1733705253538842600,35.735842529296875,-0.15586480771154165,0.04871463880836963,-0.1942155811548233
1733705253548809700,35.745809814453125,-0.05066285026669502,0.037706630320847034,-0.07822188832163811
1733705253558775600,35.75577563476563,0.09204787683933972,-0.024204466930031775,0.1349327865809202
1733705253568742700,35.76574267578125,0.18942367070317268,-0.025361235749721527,0.40274727243185043
1733705253578709800,35.775709716796875,0.22212416329979895,0.04687836329191923,0.5866203232705592
1733705253588675800,35.78567578125,0.18658698597252368,0.1233306115925312,0.6303840616732835
1733705253598643000,35.79564282226563,0.1267512336909771,0.1500979147478938,0.49829672765135763
1733705253608609800,35.80560986328125,0.01865209349989891,0.1881649028137326,0.2702799991816282
1733705253618576600,35.81557666015625,0.02623071206063032,0.2556178521007299,0.08999357465803623
1733705253628542700,35.82554272460938,0.035650866834819314,0.1250035132408142,-0.004202712386846542
1733705253638509800,35.835509765625,-0.0966477718502283,-0.07258300565183162,0.012136427995562553
1733705253648477000,35.845476806640626,-0.13878507809489965,-0.083638068151474,-0.027831425255537032
1733705253658442800,35.85544287109375,-0.16932663909196852,-0.054928691017627713,-0.1336515145987272
1733705253668409900,35.86540991210938,-0.12037526891827582,-0.11709200946390629,-0.13440554783642292
1733705253678376700,35.875376708984376,-0.05699293007105589,-0.18931348832696676,-0.020526655200123787
1733705253688342800,35.8853427734375,-0.006816694277524947,-0.22722908522337673,0.1794885521441698
